0.00000	0.00101
0.00002	0.00119
0.00005	0.00128
0.00007	0.00159
0.00009	0.00153
0.00011	0.00143
0.00014	0.00177
0.00016	0.00183
0.00018	0.00171
0.00020	0.00180
0.00023	0.00134
0.00025	0.00098
0.00027	0.00082
0.00029	0.00040
0.00032	0.00006
0.00034	-0.00015
0.00036	-0.00012
0.00039	-0.00034
0.00041	-0.00040
0.00043	0.00003
0.00045	0.00046
0.00048	0.00052
0.00050	0.00067
0.00052	0.00058
0.00054	0.00040
0.00057	0.00024
0.00059	-0.00052
0.00061	-0.00113
0.00063	-0.00079
0.00066	0.00119
0.00068	0.00668
0.00070	0.02078
0.00073	0.03867
0.00075	0.02319
0.00077	-0.02344
0.00079	-0.02472
0.00082	0.06918
0.00084	0.16037
0.00086	0.08624
0.00088	-0.10666
0.00091	-0.17999
0.00093	-0.10788
0.00095	-0.02917
0.00098	0.00519
0.00100	-0.04636
0.00102	-0.17841
0.00104	-0.20087
0.00107	-0.07812
0.00109	-0.00412
0.00111	-0.03271
0.00113	-0.11523
0.00116	-0.10709
0.00118	0.05984
0.00120	0.21881
0.00122	0.21069
0.00125	0.03159
0.00127	-0.11652
0.00129	-0.06927
0.00132	0.08911
0.00134	0.23969
0.00136	0.23233
0.00138	0.00165
0.00141	-0.14508
0.00143	-0.07532
0.00145	-0.02051
0.00147	-0.13379
0.00150	-0.33401
0.00152	-0.34241
0.00154	-0.09921
0.00156	0.17484
0.00159	0.25629
0.00161	0.07703
0.00163	-0.20639
0.00166	-0.31024
0.00168	-0.20966
0.00170	0.00339
0.00172	0.30661
0.00175	0.48746
0.00177	0.41000
0.00179	0.05753
0.00181	-0.29169
0.00184	-0.34064
0.00186	-0.19922
0.00188	0.03479
0.00190	0.20584
0.00193	0.24777
0.00195	0.23340
0.00197	0.02182
0.00200	-0.33972
0.00202	-0.41156
0.00204	-0.26221
0.00206	-0.11441
0.00209	0.06067
0.00211	0.10431
0.00213	0.08386
0.00215	-0.00452
0.00218	-0.16879
0.00220	-0.18124
0.00222	-0.08130
0.00224	0.03378
0.00227	0.09201
0.00229	0.11282
0.00231	0.07431
0.00234	-0.02295
0.00236	-0.10751
0.00238	-0.21506
0.00240	-0.13699
0.00243	0.13077
0.00245	0.28540
0.00247	0.11688
0.00249	-0.07074
0.00252	-0.08765
0.00254	-0.14453
0.00256	-0.12723
0.00259	-0.07758
0.00261	-0.03275
0.00263	0.04849
0.00265	0.10626
0.00268	0.16980
0.00270	0.11603
0.00272	-0.19220
0.00274	-0.45953
0.00277	-0.34259
0.00279	0.02518
0.00281	0.30173
0.00283	0.42148
0.00286	0.24493
0.00288	-0.00128
0.00290	-0.27423
0.00293	-0.44705
0.00295	-0.52786
0.00297	-0.17712
0.00299	0.41672
0.00302	0.52179
0.00304	0.41214
0.00306	-0.28381
0.00308	-0.54758
0.00311	-0.42642
0.00313	-0.00735
0.00315	0.30307
0.00317	0.32364
0.00320	0.40842
0.00322	0.17001
0.00324	-0.34232
0.00327	-0.54498
0.00329	-0.33737
0.00331	0.07132
0.00333	0.22330
0.00336	0.02664
0.00338	-0.19907
0.00340	-0.20682
0.00342	-0.15033
0.00345	-0.18454
0.00347	-0.17081
0.00349	-0.01682
0.00351	0.18820
0.00354	0.27448
0.00356	0.21600
0.00358	0.05267
0.00361	0.05283
0.00363	0.08176
0.00365	0.00751
0.00367	-0.01440
0.00370	0.12671
0.00372	0.23639
0.00374	0.16962
0.00376	-0.12326
0.00379	-0.48950
0.00381	-0.41235
0.00383	-0.01245
0.00385	0.11795
0.00388	-0.08807
0.00390	-0.33606
0.00392	-0.38458
0.00395	-0.11234
0.00397	0.21295
0.00399	0.27762
0.00401	0.16699
0.00404	-0.00647
0.00406	-0.15695
0.00408	-0.03802
0.00410	0.26425
0.00413	0.39648
0.00415	0.16049
0.00417	-0.13181
0.00420	-0.08154
0.00422	0.13028
0.00424	0.34998
0.00426	0.07370
0.00429	-0.45151
0.00431	-0.52194
0.00433	-0.08823
0.00435	0.28830
0.00438	0.10419
0.00440	-0.17920
0.00442	-0.20145
0.00444	0.13678
0.00447	0.20889
0.00449	-0.29517
0.00451	-0.52679
0.00454	-0.45117
0.00456	0.15506
0.00458	0.54007
0.00460	0.41223
0.00463	-0.02615
0.00465	-0.47519
0.00467	-0.36340
0.00469	-0.07272
0.00472	0.21899
0.00474	0.45834
0.00476	0.47305
0.00478	0.08731
0.00481	-0.23819
0.00483	-0.20712
0.00485	-0.05872
0.00488	-0.02298
0.00490	-0.16803
0.00492	-0.14279
0.00494	0.13196
0.00497	0.20850
0.00499	-0.18692
0.00501	-0.51688
0.00503	-0.46478
0.00506	-0.01218
0.00508	0.42242
0.00510	0.34372
0.00512	-0.03146
0.00515	-0.17209
0.00517	-0.00876
0.00519	0.02402
0.00522	0.01666
0.00524	0.11331
0.00526	0.18558
0.00528	0.14169
0.00531	0.12839
0.00533	-0.01135
0.00535	-0.16788
0.00537	-0.20422
0.00540	-0.17020
0.00542	0.07388
0.00544	0.32007
0.00546	0.33081
0.00549	0.04813
0.00551	-0.25168
0.00553	-0.18793
0.00556	0.05905
0.00558	0.22949
0.00560	0.01352
0.00562	-0.43829
0.00565	-0.46613
0.00567	-0.14780
0.00569	-0.02106
0.00571	-0.23206
0.00574	-0.43030
0.00576	-0.21631
0.00578	0.11530
0.00580	0.25305
0.00583	0.24954
0.00585	0.19177
0.00587	0.15036
0.00590	0.12683
0.00592	0.18692
0.00594	0.23633
0.00596	0.10764
0.00599	0.01172
0.00601	0.05981
0.00603	0.14087
0.00605	-0.00403
0.00608	-0.37619
0.00610	-0.53397
0.00612	-0.31485
0.00615	0.15561
0.00617	0.25989
0.00619	-0.03534
0.00621	-0.34894
0.00624	-0.32944
0.00626	-0.04889
0.00628	0.14908
0.00630	0.11246
0.00633	0.03879
0.00635	0.04065
0.00637	-0.02844
0.00639	-0.06012
0.00642	0.09775
0.00644	0.35999
0.00646	0.35672
0.00649	0.00076
0.00651	-0.25085
0.00653	-0.14334
0.00655	0.12030
0.00658	0.26852
0.00660	0.14313
0.00662	0.03607
0.00664	0.03958
0.00667	-0.06311
0.00669	-0.21582
0.00671	-0.28711
0.00673	-0.24649
0.00676	-0.30859
0.00678	-0.46515
0.00680	-0.33255
0.00683	0.15494
0.00685	0.46881
0.00687	0.23923
0.00689	-0.23779
0.00692	-0.28091
0.00694	0.03656
0.00696	0.18573
0.00698	0.12354
0.00701	0.00238
0.00703	0.03867
0.00705	0.19275
0.00707	0.15524
0.00710	0.00201
0.00712	0.03580
0.00714	0.15219
0.00717	0.04694
0.00719	-0.24390
0.00721	-0.34732
0.00723	-0.22873
0.00726	-0.05200
0.00728	0.03870
0.00730	0.08594
0.00732	0.18469
0.00735	0.12543
0.00737	-0.19147
0.00739	-0.49292
0.00741	-0.44388
0.00744	0.00540
0.00746	0.40143
0.00748	0.33768
0.00751	0.09827
0.00753	0.07590
0.00755	0.01630
0.00757	-0.09802
0.00760	-0.20972
0.00762	-0.26529
0.00764	-0.03711
0.00766	0.14587
0.00769	0.32724
0.00771	0.44540
0.00773	0.40213
0.00776	0.05991
0.00778	-0.42523
0.00780	-0.51163
0.00782	-0.19025
0.00785	0.17819
0.00787	0.18918
0.00789	-0.07471
0.00791	-0.26889
0.00794	-0.24039
0.00796	-0.12274
0.00798	-0.07150
0.00800	-0.19635
0.00803	-0.31393
0.00805	-0.17380
0.00807	0.01376
0.00810	0.05664
0.00812	0.14169
0.00814	0.18390
0.00816	0.15323
0.00819	0.10873
0.00821	0.01654
0.00823	0.07986
0.00825	0.23669
0.00828	0.18866
0.00830	-0.04779
0.00832	-0.12854
0.00834	-0.04263
0.00837	0.07437
0.00839	0.14301
0.00841	0.03894
0.00844	-0.02936
0.00846	-0.10205
0.00848	-0.34073
0.00850	-0.46155
0.00853	-0.33792
0.00855	-0.09598
0.00857	0.08594
0.00859	0.09241
0.00862	0.02264
0.00864	0.00153
0.00866	-0.01938
0.00868	-0.11658
0.00871	-0.08347
0.00873	0.13477
0.00875	0.33099
0.00878	0.40445
0.00880	0.34848
0.00882	0.17499
0.00884	-0.02377
0.00887	-0.10892
0.00889	-0.23611
0.00891	-0.33441
0.00893	-0.08881
0.00896	0.19559
0.00898	0.14923
0.00900	-0.17145
0.00902	-0.45261
0.00905	-0.31915
0.00907	0.04895
0.00909	0.15439
0.00912	0.01587
0.00914	-0.14545
0.00916	-0.25748
0.00918	-0.21729
0.00921	-0.18179
0.00923	-0.18893
0.00925	0.05356
0.00927	0.36664
0.00930	0.31454
0.00932	0.01321
0.00934	-0.03934
0.00937	0.15469
0.00939	0.24359
0.00941	0.08417
0.00943	-0.01923
0.00946	0.00293
0.00948	-0.04324
0.00950	-0.20844
0.00952	-0.21277
0.00955	0.07318
0.00957	0.35590
0.00959	0.18973
0.00961	-0.40030
0.00964	-0.51120
0.00966	-0.49316
0.00968	-0.06488
0.00971	0.41031
0.00973	0.42276
0.00975	0.24518
0.00977	-0.00320
0.00980	-0.10703
0.00982	-0.15579
0.00984	-0.14841
0.00986	-0.00858
0.00989	0.16791
0.00991	0.28967
0.00993	0.33603
0.00995	0.18726
0.00998	-0.05316
0.01000	-0.25815
0.01002	-0.30771
0.01005	-0.13708
0.01007	0.15683
0.01009	0.21198
0.01011	0.04898
0.01014	-0.08319
0.01016	-0.14206
0.01018	-0.00540
0.01020	0.12280
0.01023	-0.02057
0.01025	-0.29379
0.01027	-0.44882
0.01029	-0.44119
0.01032	-0.30692
0.01034	0.03717
0.01036	0.30737
0.01039	0.22299
0.01041	-0.04987
0.01043	-0.24988
0.01045	-0.16766
0.01048	0.09973
0.01050	0.22726
0.01052	0.09103
0.01054	-0.00436
0.01057	0.00961
0.01059	0.16687
0.01061	0.40717
0.01063	0.45105
0.01066	0.15195
0.01068	-0.34821
0.01070	-0.52695
0.01073	-0.43219
0.01075	-0.10443
0.01077	0.09668
0.01079	-0.02292
0.01082	-0.13086
0.01084	-0.08163
0.01086	-0.06146
0.01088	-0.08871
0.01091	-0.13745
0.01093	-0.22943
0.01095	-0.16339
0.01098	0.07974
0.01100	0.32724
0.01102	0.43164
0.01104	0.31552
0.01107	0.05008
0.01109	-0.18524
0.01111	-0.23798
0.01113	-0.05298
0.01116	0.09485
0.01118	0.06793
0.01120	0.00662
0.01122	0.05331
0.01125	0.18408
0.01127	0.16748
0.01129	-0.08112
0.01132	-0.33615
0.01134	-0.31229
0.01136	-0.11649
0.01138	-0.02930
0.01141	-0.20041
0.01143	-0.47913
0.01145	-0.42911
0.01147	-0.04321
0.01150	0.29611
0.01152	0.41702
0.01154	0.19666
0.01156	-0.29279
0.01159	-0.52887
0.01161	-0.25107
0.01163	0.17755
0.01166	0.40717
0.01168	0.41040
0.01170	0.29532
0.01172	0.22888
0.01175	0.14014
0.01177	-0.08157
0.01179	-0.41110
0.01181	-0.52441
0.01184	-0.38849
0.01186	0.15607
0.01188	0.47354
0.01190	0.36868
0.01193	-0.12808
0.01195	-0.49655
0.01197	-0.50784
0.01200	-0.38791
0.01202	0.11813
0.01204	0.34485
0.01206	0.20605
0.01209	0.01935
0.01211	0.00259
0.01213	0.01700
0.01215	0.07791
0.01218	0.01733
0.01220	-0.18521
0.01222	-0.17960
0.01224	0.14038
0.01227	0.42099
0.01229	0.33664
0.01231	-0.06604
0.01234	-0.40012
0.01236	-0.26132
0.01238	0.10419
0.01240	0.28357
0.01243	0.16470
0.01245	-0.10178
0.01247	-0.28531
0.01249	-0.29602
0.01252	-0.24091
0.01254	-0.17957
0.01256	0.01056
0.01259	0.21207
0.01261	0.15106
0.01263	-0.14999
0.01265	-0.42719
0.01268	-0.39413
0.01270	-0.11920
0.01272	0.03619
0.01274	0.02267
0.01277	0.05835
0.01279	0.20963
0.01281	0.25821
0.01283	0.10754
0.01286	-0.06335
0.01288	-0.02911
0.01290	0.12408
0.01293	0.16110
0.01295	0.06189
0.01297	-0.07782
0.01299	-0.06696
0.01302	0.04492
0.01304	-0.00516
0.01306	-0.22470
0.01308	-0.29156
0.01311	-0.14938
0.01313	-0.04337
0.01315	-0.08603
0.01317	-0.18491
0.01320	-0.08585
0.01322	0.10004
0.01324	0.09976
0.01327	-0.02798
0.01329	-0.12424
0.01331	-0.05124
0.01333	0.12701
0.01336	0.18246
0.01338	0.09671
0.01340	0.05725
0.01342	0.10468
0.01345	0.11584
0.01347	0.06863
0.01349	0.06372
0.01351	0.06085
0.01354	-0.01086
0.01356	-0.02771
0.01358	0.00070
0.01361	-0.08636
0.01363	-0.24420
0.01365	-0.31345
0.01367	-0.25674
0.01370	-0.08627
0.01372	0.02667
0.01374	-0.05090
0.01376	-0.18985
0.01379	-0.28476
0.01381	-0.27716
0.01383	-0.10898
0.01385	0.06226
0.01388	0.11084
0.01390	0.08301
0.01392	0.07715
0.01395	0.17865
0.01397	0.33221
0.01399	0.33661
0.01401	0.10760
0.01404	-0.10959
0.01406	-0.12021
0.01408	-0.01871
0.01410	0.02328
0.01413	-0.02164
0.01415	-0.06732
0.01417	-0.05444
0.01420	-0.02444
0.01422	-0.12344
0.01424	-0.24185
0.01426	-0.24310
0.01429	-0.18622
0.01431	-0.09283
0.01433	-0.07614
0.01435	-0.08203
0.01438	0.03986
0.01440	0.14752
0.01442	0.07404
0.01444	-0.08417
0.01447	-0.08539
0.01449	0.12198
0.01451	0.28503
0.01454	0.16119
0.01456	-0.10272
0.01458	-0.14917
0.01460	0.05185
0.01463	0.22467
0.01465	0.18182
0.01467	0.02435
0.01469	-0.08911
0.01472	-0.16248
0.01474	-0.17880
0.01476	-0.10052
0.01478	0.00815
0.01481	0.08786
0.01483	0.03671
0.01485	-0.25958
0.01488	-0.43860
0.01490	-0.25284
0.01492	-0.04178
0.01494	0.03003
0.01497	-0.01694
0.01499	-0.08981
0.01501	-0.01227
0.01503	0.09247
0.01506	0.03714
0.01508	-0.07385
0.01510	-0.06491
0.01512	0.11243
0.01515	0.32623
0.01517	0.32538
0.01519	0.03348
0.01522	-0.32816
0.01524	-0.42679
0.01526	-0.17389
0.01528	0.18222
0.01531	0.37616
0.01533	0.31607
0.01535	0.09116
0.01537	-0.15991
0.01540	-0.40671
0.01542	-0.50424
0.01544	-0.49570
0.01546	-0.28705
0.01549	0.15103
0.01551	0.44516
0.01553	0.43930
0.01556	0.10474
0.01558	-0.35620
0.01560	-0.51962
0.01562	-0.45032
0.01565	-0.09042
0.01567	0.34204
0.01569	0.49841
0.01571	0.48260
0.01574	0.21579
0.01576	-0.15839
0.01578	-0.27518
0.01580	-0.09497
0.01583	0.00269
0.01585	-0.07242
0.01587	-0.13431
0.01590	-0.03662
0.01592	0.12296
0.01594	0.13153
0.01596	-0.01868
0.01599	-0.21243
0.01601	-0.31329
0.01603	-0.36996
0.01605	-0.39807
0.01608	-0.29449
0.01610	-0.08987
0.01612	0.12610
0.01615	0.25598
0.01617	0.19272
0.01619	0.04144
0.01621	-0.06314
0.01624	-0.16916
0.01626	-0.19873
0.01628	-0.07922
0.01630	0.10556
0.01633	0.24002
0.01635	0.27734
0.01637	0.28555
0.01639	0.25705
0.01642	0.10315
0.01644	-0.14349
0.01646	-0.34464
0.01649	-0.41769
0.01651	-0.33997
0.01653	-0.13437
0.01655	0.12756
0.01658	0.28275
0.01660	0.19510
0.01662	-0.14172
0.01664	-0.45221
0.01667	-0.50247
0.01669	-0.31580
0.01671	-0.02582
0.01673	0.21555
0.01676	0.36649
0.01678	0.34897
0.01680	0.16776
0.01683	-0.06696
0.01685	-0.16919
0.01687	-0.09982
0.01689	-0.00061
0.01692	0.07611
0.01694	0.12820
0.01696	0.10141
0.01698	-0.01031
0.01701	-0.11661
0.01703	-0.20334
0.01705	-0.20090
0.01707	-0.06723
0.01710	0.04614
0.01712	0.05493
0.01714	-0.04379
0.01717	-0.16394
0.01719	-0.22595
0.01721	-0.20010
0.01723	-0.13043
0.01726	0.00897
0.01728	0.20599
0.01730	0.26517
0.01732	0.03983
0.01735	-0.35281
0.01737	-0.52301
0.01739	-0.32944
0.01741	0.01642
0.01744	0.25137
0.01746	0.38788
0.01748	0.43518
0.01751	0.30447
0.01753	-0.03952
0.01755	-0.39697
0.01757	-0.47348
0.01760	-0.25485
0.01762	0.10941
0.01764	0.34964
0.01766	0.30341
0.01769	0.09885
0.01771	-0.16870
0.01773	-0.38647
0.01776	-0.44601
0.01778	-0.39041
0.01780	-0.19324
0.01782	0.04858
0.01785	0.17307
0.01787	0.16858
0.01789	0.06464
0.01791	-0.01562
0.01794	-0.02930
0.01796	-0.08328
0.01798	-0.09586
0.01800	0.03522
0.01803	0.20389
0.01805	0.27484
0.01807	0.11661
0.01810	-0.08502
0.01812	-0.07059
0.01814	0.01630
0.01816	0.03409
0.01819	-0.04037
0.01821	-0.07629
0.01823	0.00861
0.01825	0.02325
0.01828	-0.10745
0.01830	-0.26160
0.01832	-0.29758
0.01834	-0.14151
0.01837	0.04529
0.01839	0.09338
0.01841	0.02759
0.01844	-0.16879
0.01846	-0.38162
0.01848	-0.42303
0.01850	-0.23096
0.01853	0.11371
0.01855	0.30045
0.01857	0.21155
0.01859	0.08084
0.01862	0.07468
0.01864	0.10562
0.01866	0.07275
0.01868	0.00815
0.01871	0.01120
0.01873	0.11127
0.01875	0.21832
0.01878	0.16577
0.01880	-0.06427
0.01882	-0.27527
0.01884	-0.31308
0.01887	-0.20529
0.01889	-0.06448
0.01891	-0.01825
0.01893	-0.13400
0.01896	-0.24609
0.01898	-0.21832
0.01900	-0.13431
0.01902	-0.02271
0.01905	0.12320
0.01907	0.23361
0.01909	0.24026
0.01912	0.19376
0.01914	0.10287
0.01916	-0.10486
0.01918	-0.26923
0.01921	-0.14948
0.01923	0.17230
0.01925	0.37735
0.01927	0.28592
0.01930	-0.03665
0.01932	-0.35449
0.01934	-0.47168
0.01937	-0.33029
0.01939	-0.05112
0.01941	0.14731
0.01943	0.18338
0.01946	0.08817
0.01948	-0.07709
0.01950	-0.19107
0.01952	-0.20520
0.01955	-0.22852
0.01957	-0.26373
0.01959	-0.16193
0.01961	0.02982
0.01964	0.10574
0.01966	0.05121
0.01968	-0.02002
0.01971	-0.01636
0.01973	0.05649
0.01975	0.12347
0.01977	0.12857
0.01980	0.07715
0.01982	0.02527
0.01984	0.02176
0.01986	0.09714
0.01989	0.17282
0.01991	0.15018
0.01993	-0.00348
0.01995	-0.20648
0.01998	-0.29532
0.02000	-0.25070
0.02002	-0.16336
0.02005	-0.08731
0.02007	-0.03082
0.02009	0.00211
0.02011	0.00894
0.02014	-0.08389
0.02016	-0.15744
0.02018	-0.07474
0.02020	0.04404
0.02023	0.11200
0.02025	0.06873
0.02027	0.00906
0.02029	0.06857
0.02032	0.14990
0.02034	0.08734
0.02036	-0.09082
0.02039	-0.16342
0.02041	-0.06110
0.02043	0.07944
0.02045	0.13864
0.02048	0.05908
0.02050	-0.01855
0.02052	0.03162
0.02054	0.06537
0.02057	-0.02426
0.02059	-0.14441
0.02061	-0.19058
0.02063	-0.13678
0.02066	-0.06561
0.02068	-0.07886
0.02070	-0.12274
0.02073	-0.15872
0.02075	-0.21317
0.02077	-0.24512
0.02079	-0.13687
0.02082	0.04651
0.02084	0.15927
0.02086	0.15466
0.02088	0.04056
0.02091	-0.01959
0.02093	0.06622
0.02095	0.16791
0.02098	0.16672
0.02100	0.08334
0.02102	0.00732
0.02104	-0.01947
0.02107	-0.01578
0.02109	-0.01944
0.02111	-0.03915
0.02113	-0.04150
0.02116	-0.07037
0.02118	-0.13550
0.02120	-0.23047
0.02122	-0.25961
0.02125	-0.13766
0.02127	0.04340
0.02129	0.17447
0.02132	0.14899
0.02134	0.03571
0.02136	-0.06113
0.02138	-0.16953
0.02141	-0.18320
0.02143	0.01276
0.02145	0.21643
0.02147	0.24182
0.02150	0.08398
0.02152	-0.10904
0.02154	-0.11148
0.02156	0.00562
0.02159	0.06052
0.02161	0.03479
0.02163	-0.01230
0.02166	-0.00140
0.02168	0.04120
0.02170	0.00305
0.02172	-0.05777
0.02175	-0.10434
0.02177	-0.15457
0.02179	-0.19589
0.02181	-0.24500
0.02184	-0.20755
0.02186	-0.04962
0.02188	0.06433
0.02190	-0.00125
0.02193	-0.16211
0.02195	-0.20331
0.02197	-0.00772
0.02200	0.22778
0.02202	0.23700
0.02204	0.06113
0.02206	-0.05276
0.02209	-0.02957
0.02211	0.02045
0.02213	0.05966
0.02215	0.10358
0.02218	0.12640
0.02220	0.08798
0.02222	-0.02982
0.02224	-0.12589
0.02227	-0.09213
0.02229	-0.04709
0.02231	-0.06067
0.02234	-0.07428
0.02236	-0.05344
0.02238	0.02908
0.02240	0.06326
0.02243	-0.02402
0.02245	-0.14182
0.02247	-0.18228
0.02249	-0.12891
0.02252	-0.05780
0.02254	0.00195
0.02256	0.04242
0.02259	0.02557
0.02261	-0.00668
0.02263	0.02118
0.02265	0.08951
0.02268	0.13132
0.02270	0.09064
0.02272	-0.00308
0.02274	-0.08060
0.02277	-0.08191
0.02279	0.02380
0.02281	0.13748
0.02283	0.14001
0.02286	0.06149
0.02288	-0.03320
0.02290	-0.10873
0.02293	-0.19543
0.02295	-0.28842
0.02297	-0.26456
0.02299	-0.10568
0.02302	0.07205
0.02304	0.14651
0.02306	0.06000
0.02308	-0.13651
0.02311	-0.25211
0.02313	-0.23102
0.02315	-0.14874
0.02317	-0.01443
0.02320	0.08771
0.02322	0.12878
0.02324	0.16641
0.02327	0.19522
0.02329	0.20691
0.02331	0.11261
0.02333	-0.06989
0.02336	-0.12988
0.02338	-0.01129
0.02340	0.13934
0.02342	0.17435
0.02345	0.03540
0.02347	-0.18658
0.02349	-0.27802
0.02351	-0.15118
0.02354	0.04669
0.02356	0.07806
0.02358	-0.12210
0.02361	-0.37341
0.02363	-0.40863
0.02365	-0.13785
0.02367	0.18356
0.02370	0.28171
0.02372	0.13748
0.02374	-0.06516
0.02376	-0.09979
0.02379	0.03558
0.02381	0.16925
0.02383	0.17371
0.02385	0.06802
0.02388	0.01663
0.02390	0.08820
0.02392	0.15176
0.02395	0.09421
0.02397	-0.06992
0.02399	-0.21841
0.02401	-0.21768
0.02404	-0.09628
0.02406	-0.01672
0.02408	-0.05637
0.02410	-0.15381
0.02413	-0.21411
0.02415	-0.16803
0.02417	-0.05435
0.02420	0.04208
0.02422	0.04587
0.02424	-0.07458
0.02426	-0.18521
0.02429	-0.17612
0.02431	-0.10370
0.02433	-0.02109
0.02435	0.09586
0.02438	0.24057
0.02440	0.31253
0.02442	0.24597
0.02444	0.07025
0.02447	-0.10226
0.02449	-0.16858
0.02451	-0.10443
0.02454	0.07733
0.02456	0.24356
0.02458	0.24707
0.02460	0.07535
0.02463	-0.16211
0.02465	-0.31345
0.02467	-0.29214
0.02469	-0.20331
0.02472	-0.20340
0.02474	-0.15326
0.02476	0.02820
0.02478	0.16174
0.02481	0.13724
0.02483	-0.00699
0.02485	-0.07010
0.02488	-0.01620
0.02490	-0.02670
0.02492	-0.06302
0.02494	0.02502
0.02497	0.20102
0.02499	0.27924
0.02501	0.12698
0.02503	-0.12076
0.02506	-0.17950
0.02508	-0.08725
0.02510	-0.03253
0.02512	-0.04535
0.02515	-0.04648
0.02517	0.02716
0.02519	0.05002
0.02522	-0.01346
0.02524	-0.07101
0.02526	-0.09418
0.02528	-0.07840
0.02531	-0.05310
0.02533	-0.04932
0.02535	-0.09436
0.02537	-0.16620
0.02540	-0.21240
0.02542	-0.16473
0.02544	0.00586
0.02546	0.16626
0.02549	0.22473
0.02551	0.13272
0.02553	-0.07312
0.02556	-0.15439
0.02558	-0.05759
0.02560	0.07364
0.02562	0.17587
0.02565	0.20779
0.02567	0.15732
0.02569	0.09399
0.02571	0.00375
0.02574	-0.10062
0.02576	-0.12860
0.02578	-0.13101
0.02580	-0.13181
0.02583	-0.13217
0.02585	-0.08600
0.02587	0.03131
0.02590	0.04370
0.02592	-0.09579
0.02594	-0.21042
0.02596	-0.16730
0.02599	-0.03366
0.02601	0.04916
0.02603	0.05927
0.02605	0.06702
0.02608	0.08752
0.02610	0.08133
0.02612	0.08142
0.02615	0.10754
0.02617	0.12045
0.02619	0.04007
0.02621	-0.13681
0.02624	-0.19318
0.02626	-0.04248
0.02628	0.11816
0.02630	0.13983
0.02633	0.06848
0.02635	-0.00034
0.02637	-0.05798
0.02639	-0.14734
0.02642	-0.21896
0.02644	-0.21518
0.02646	-0.17441
0.02649	-0.09714
0.02651	-0.01331
0.02653	0.05386
0.02655	0.06354
0.02658	-0.05862
0.02660	-0.20444
0.02662	-0.21164
0.02664	-0.06866
0.02667	0.09506
0.02669	0.16824
0.02671	0.15866
0.02673	0.12820
0.02676	0.12082
0.02678	0.12946
0.02680	0.09982
0.02683	-0.00903
0.02685	-0.10254
0.02687	-0.07819
0.02689	0.03082
0.02692	0.10101
0.02694	0.04410
0.02696	-0.06497
0.02698	-0.15683
0.02701	-0.20337
0.02703	-0.17712
0.02705	-0.09689
0.02707	0.01569
0.02710	0.08481
0.02712	0.05722
0.02714	-0.00958
0.02717	-0.05569
0.02719	-0.09506
0.02721	-0.09210
0.02723	0.00729
0.02726	0.15591
0.02728	0.22665
0.02730	0.10632
0.02732	-0.10049
0.02735	-0.19995
0.02737	-0.12881
0.02739	0.01447
0.02741	0.12531
0.02744	0.21381
0.02746	0.20901
0.02748	0.00864
0.02751	-0.25504
0.02753	-0.30057
0.02755	-0.13327
0.02757	0.01706
0.02760	0.00211
0.02762	-0.12466
0.02764	-0.11902
0.02766	0.01071
0.02769	0.06039
0.02771	-0.04379
0.02773	-0.21408
0.02776	-0.25143
0.02778	-0.16663
0.02780	-0.03275
0.02782	0.13141
0.02785	0.22809
0.02787	0.22711
0.02789	0.14813
0.02791	0.04257
0.02794	0.00345
0.02796	0.03839
0.02798	0.07312
0.02800	0.06610
0.02803	0.03629
0.02805	0.04645
0.02807	0.07480
0.02810	0.01730
0.02812	-0.11276
0.02814	-0.22122
0.02816	-0.22104
0.02819	-0.12845
0.02821	-0.07770
0.02823	-0.08029
0.02825	-0.07736
0.02828	-0.03308
0.02830	0.02597
0.02832	0.01535
0.02834	-0.04047
0.02837	-0.08179
0.02839	-0.07410
0.02841	-0.01324
0.02844	0.07336
0.02846	0.17535
0.02848	0.24539
0.02850	0.17807
0.02853	0.01840
0.02855	-0.05493
0.02857	-0.02219
0.02859	0.02454
0.02862	0.01276
0.02864	-0.02451
0.02866	-0.00558
0.02868	0.02338
0.02871	-0.00900
0.02873	-0.10950
0.02875	-0.20947
0.02878	-0.24875
0.02880	-0.23328
0.02882	-0.15964
0.02884	-0.07596
0.02887	-0.05170
0.02889	-0.05692
0.02891	-0.02615
0.02893	0.03207
0.02896	0.08353
0.02898	0.09311
0.02900	0.07812
0.02902	0.08469
0.02905	0.12137
0.02907	0.18280
0.02909	0.18674
0.02912	0.10196
0.02914	0.01370
0.02916	-0.04083
0.02918	-0.07434
0.02921	-0.09631
0.02923	-0.10370
0.02925	-0.06778
0.02927	0.00241
0.02930	0.03906
0.02932	-0.01270
0.02934	-0.13654
0.02937	-0.22839
0.02939	-0.19415
0.02941	-0.08994
0.02943	-0.01956
0.02946	0.02521
0.02948	0.08881
0.02950	0.13373
0.02952	0.10693
0.02955	0.00653
0.02957	-0.08328
0.02959	-0.05972
0.02961	0.05130
0.02964	0.18884
0.02966	0.26993
0.02968	0.19333
0.02971	-0.04294
0.02973	-0.27090
0.02975	-0.29291
0.02977	-0.11591
0.02980	0.08423
0.02982	0.16522
0.02984	0.09772
0.02986	-0.06180
0.02989	-0.22128
0.02991	-0.32010
0.02993	-0.30844
0.02995	-0.15771
0.02998	0.04227
0.03000	0.15091
0.03002	0.13400
0.03005	0.02853
0.03007	-0.10254
0.03009	-0.18234
0.03011	-0.12656
0.03014	0.05038
0.03016	0.20337
0.03018	0.22559
0.03020	0.13940
0.03023	0.03751
0.03025	-0.01648
0.03027	-0.02197
0.03029	-0.01331
0.03032	-0.00851
0.03034	0.00986
0.03036	0.06921
0.03039	0.13202
0.03041	0.11871
0.03043	0.00748
0.03045	-0.16034
0.03048	-0.27667
0.03050	-0.23077
0.03052	-0.08755
0.03054	0.00909
0.03057	0.02481
0.03059	-0.01636
0.03061	-0.06461
0.03063	-0.06381
0.03066	-0.03809
0.03068	-0.01859
0.03070	0.01141
0.03073	0.05414
0.03075	0.08661
0.03077	0.08884
0.03079	0.07059
0.03082	0.04221
0.03084	0.01056
0.03086	0.02258
0.03088	0.07330
0.03091	0.07581
0.03093	-0.00394
0.03095	-0.11533
0.03098	-0.15952
0.03100	-0.10089
0.03102	-0.02570
0.03104	0.00391
0.03107	-0.00085
0.03109	-0.03644
0.03111	-0.07889
0.03113	-0.11890
0.03116	-0.17090
0.03118	-0.16440
0.03120	-0.04822
0.03122	0.10040
0.03125	0.16196
0.03127	0.08667
0.03129	-0.04407
0.03132	-0.10669
0.03134	-0.07401
0.03136	0.00183
0.03138	0.07632
0.03141	0.14838
0.03143	0.20636
0.03145	0.21713
0.03147	0.13705
0.03150	-0.03073
0.03152	-0.15155
0.03154	-0.11685
0.03156	-0.00372
0.03159	0.04276
0.03161	-0.01688
0.03163	-0.12109
0.03166	-0.18427
0.03168	-0.17123
0.03170	-0.11700
0.03172	-0.04959
0.03175	0.01004
0.03177	0.02457
0.03179	-0.01080
0.03181	-0.06058
0.03184	-0.05399
0.03186	0.03897
0.03188	0.14682
0.03190	0.19482
0.03193	0.15152
0.03195	0.06021
0.03197	0.00662
0.03200	-0.02472
0.03202	-0.06708
0.03204	-0.06342
0.03206	0.00726
0.03209	0.06970
0.03211	0.04996
0.03213	-0.03891
0.03215	-0.11615
0.03218	-0.11395
0.03220	-0.06830
0.03222	-0.06760
0.03224	-0.10208
0.03227	-0.10339
0.03229	-0.06064
0.03231	-0.02652
0.03234	-0.02930
0.03236	-0.02350
0.03238	0.00790
0.03240	0.00061
0.03243	-0.06580
0.03245	-0.11914
0.03247	-0.07913
0.03249	0.03043
0.03252	0.12347
0.03254	0.17926
0.03256	0.19992
0.03259	0.18192
0.03261	0.13339
0.03263	0.05429
0.03265	-0.01807
0.03268	-0.03940
0.03270	-0.03348
0.03272	-0.03223
0.03274	-0.03381
0.03277	-0.02505
0.03279	-0.00632
0.03281	-0.02457
0.03283	-0.11002
0.03286	-0.20859
0.03288	-0.23569
0.03290	-0.18384
0.03293	-0.10306
0.03295	-0.00549
0.03297	0.09949
0.03299	0.16995
0.03302	0.17770
0.03304	0.09781
0.03306	-0.03653
0.03308	-0.11044
0.03311	-0.07242
0.03313	0.03580
0.03315	0.12921
0.03317	0.15643
0.03320	0.12070
0.03322	0.03189
0.03324	-0.06094
0.03327	-0.09964
0.03329	-0.09146
0.03331	-0.08234
0.03333	-0.08261
0.03336	-0.06268
0.03338	-0.01602
0.03340	0.02332
0.03342	-0.00214
0.03345	-0.09348
0.03347	-0.16608
0.03349	-0.17212
0.03351	-0.12732
0.03354	-0.07379
0.03356	-0.04425
0.03358	-0.01456
0.03361	0.06250
0.03363	0.14230
0.03365	0.18015
0.03367	0.17990
0.03370	0.12103
0.03372	0.05386
0.03374	0.03754
0.03376	0.06805
0.03379	0.11765
0.03381	0.11884
0.03383	0.05606
0.03385	-0.02585
0.03388	-0.10654
0.03390	-0.16348
0.03392	-0.17270
0.03395	-0.15808
0.03397	-0.14490
0.03399	-0.13040
0.03401	-0.09885
0.03404	-0.06238
0.03406	-0.05402
0.03408	-0.04449
0.03410	-0.00528
0.03413	0.06802
0.03415	0.13782
0.03417	0.13660
0.03420	0.07559
0.03422	0.02716
0.03424	0.03568
0.03426	0.07156
0.03429	0.08047
0.03431	0.04727
0.03433	0.00864
0.03435	-0.00101
0.03438	-0.00870
0.03440	-0.04556
0.03442	-0.08221
0.03444	-0.07724
0.03447	-0.05478
0.03449	-0.04178
0.03451	-0.02280
0.03454	-0.00671
0.03456	-0.02374
0.03458	-0.08887
0.03460	-0.15256
0.03463	-0.15967
0.03465	-0.11566
0.03467	-0.05585
0.03469	-0.01859
0.03472	0.01782
0.03474	0.06619
0.03476	0.09537
0.03478	0.08511
0.03481	0.06235
0.03483	0.07816
0.03485	0.11761
0.03488	0.12161
0.03490	0.07004
0.03492	0.01242
0.03494	0.00311
0.03497	0.04074
0.03499	0.05219
0.03501	-0.00449
0.03503	-0.09058
0.03506	-0.14716
0.03508	-0.13889
0.03510	-0.11057
0.03512	-0.09909
0.03515	-0.07129
0.03517	-0.01248
0.03519	0.05276
0.03522	0.08420
0.03524	0.05533
0.03526	-0.00351
0.03528	-0.04150
0.03531	-0.05124
0.03533	-0.03815
0.03535	0.01166
0.03537	0.06305
0.03540	0.06918
0.03542	0.04620
0.03544	0.02914
0.03546	0.00171
0.03549	-0.03662
0.03551	-0.06415
0.03553	-0.06104
0.03556	0.01315
0.03558	0.09879
0.03560	0.11560
0.03562	0.06302
0.03565	-0.03677
0.03567	-0.13129
0.03569	-0.15921
0.03571	-0.13519
0.03574	-0.09924
0.03576	-0.06458
0.03578	-0.05670
0.03580	-0.07037
0.03583	-0.06296
0.03585	-0.02667
0.03587	0.01706
0.03590	0.04892
0.03592	0.04767
0.03594	0.02585
0.03596	0.04150
0.03599	0.09702
0.03601	0.12930
0.03603	0.10666
0.03605	0.07224
0.03608	0.08444
0.03610	0.09985
0.03612	0.05685
0.03615	-0.02939
0.03617	-0.09698
0.03619	-0.11334
0.03621	-0.10361
0.03624	-0.07224
0.03626	-0.01855
0.03628	0.02151
0.03630	0.00964
0.03633	-0.04382
0.03635	-0.09738
0.03637	-0.12003
0.03639	-0.11047
0.03642	-0.09061
0.03644	-0.05411
0.03646	0.01639
0.03649	0.09909
0.03651	0.13428
0.03653	0.08102
0.03655	-0.00415
0.03658	-0.03882
0.03660	-0.01785
0.03662	0.02631
0.03664	0.06894
0.03667	0.10074
0.03669	0.11420
0.03671	0.08911
0.03673	0.02255
0.03676	-0.05264
0.03678	-0.11835
0.03680	-0.14664
0.03683	-0.10895
0.03685	-0.05420
0.03687	-0.03452
0.03689	-0.05435
0.03692	-0.08911
0.03694	-0.09769
0.03696	-0.05453
0.03698	0.00113
0.03701	-0.00089
0.03703	-0.05157
0.03705	-0.06860
0.03707	0.00027
0.03710	0.11127
0.03712	0.16635
0.03714	0.12784
0.03717	0.05487
0.03719	0.01218
0.03721	0.01831
0.03723	0.05136
0.03726	0.05344
0.03728	0.01428
0.03730	0.00064
0.03732	0.03732
0.03735	0.06235
0.03737	0.01471
0.03739	-0.08832
0.03741	-0.15573
0.03744	-0.12451
0.03746	-0.04843
0.03748	-0.00809
0.03751	-0.02435
0.03753	-0.07220
0.03755	-0.09332
0.03757	-0.07321
0.03760	-0.05063
0.03762	-0.02499
0.03764	0.02518
0.03766	0.07556
0.03769	0.09268
0.03771	0.08234
0.03773	0.07175
0.03776	0.06671
0.03778	0.04749
0.03780	0.03128
0.03782	0.05191
0.03785	0.07904
0.03787	0.04837
0.03789	-0.06458
0.03791	-0.16699
0.03794	-0.12747
0.03796	0.00568
0.03798	0.06174
0.03800	-0.03430
0.03803	-0.17020
0.03805	-0.18207
0.03807	-0.09018
0.03810	-0.02722
0.03812	-0.02911
0.03814	-0.04163
0.03816	-0.01459
0.03819	0.02182
0.03821	0.01596
0.03823	0.00818
0.03825	0.02676
0.03828	0.03131
0.03830	0.02274
0.03832	0.04697
0.03834	0.11563
0.03837	0.19183
0.03839	0.19675
0.03841	0.09985
0.03844	-0.00134
0.03846	-0.02457
0.03848	-0.00778
0.03850	-0.01541
0.03853	-0.05206
0.03855	-0.06702
0.03857	-0.04065
0.03859	-0.03452
0.03862	-0.08920
0.03864	-0.16425
0.03866	-0.20471
0.03868	-0.17645
0.03871	-0.08731
0.03873	0.01364
0.03875	0.06561
0.03878	0.05713
0.03880	0.03632
0.03882	0.03574
0.03884	0.07602
0.03887	0.13474
0.03889	0.13718
0.03891	0.06879
0.03893	-0.00867
0.03896	-0.02563
0.03898	0.01999
0.03900	0.05005
0.03902	0.02338
0.03905	-0.01666
0.03907	-0.03604
0.03909	-0.05765
0.03912	-0.10284
0.03914	-0.14221
0.03916	-0.12921
0.03918	-0.07523
0.03921	-0.02023
0.03923	0.01526
0.03925	0.01553
0.03927	-0.02145
0.03930	-0.06693
0.03932	-0.07944
0.03934	-0.05649
0.03937	-0.01129
0.03939	0.04837
0.03941	0.10956
0.03943	0.14319
0.03946	0.13266
0.03948	0.09341
0.03950	0.04141
0.03952	0.00510
0.03955	-0.00098
0.03957	0.01370
0.03959	0.03482
0.03961	0.04419
0.03964	0.03574
0.03966	0.00354
0.03968	-0.05563
0.03971	-0.09900
0.03973	-0.09967
0.03975	-0.10046
0.03977	-0.11179
0.03980	-0.10660
0.03982	-0.08646
0.03984	-0.04742
0.03986	0.00549
0.03989	0.04129
0.03991	0.05634
0.03993	0.05496
0.03995	0.03793
0.03998	0.03424
0.04000	0.04831
0.04002	0.04602
0.04005	0.04645
0.04007	0.06042
0.04009	0.04575
0.04011	0.00665
0.04014	-0.02185
0.04016	-0.02731
0.04018	-0.02356
0.04020	-0.02405
0.04023	-0.04541
0.04025	-0.07224
0.04027	-0.05460
0.04029	-0.00742
0.04032	0.02112
0.04034	0.01370
0.04036	-0.02261
0.04039	-0.05792
0.04041	-0.07294
0.04043	-0.07492
0.04045	-0.07321
0.04048	-0.06879
0.04050	-0.05231
0.04052	-0.00729
0.04054	0.06464
0.04057	0.10818
0.04059	0.08182
0.04061	0.02670
0.04063	0.00320
0.04066	0.01416
0.04068	0.03793
0.04070	0.05786
0.04073	0.08328
0.04075	0.12421
0.04077	0.13727
0.04079	0.08774
0.04082	-0.01318
0.04084	-0.11423
0.04086	-0.15970
0.04088	-0.14993
0.04091	-0.11005
0.04093	-0.04398
0.04095	0.03198
0.04098	0.06573
0.04100	0.02295
0.04102	-0.06662
0.04104	-0.13260
0.04107	-0.12384
0.04109	-0.05499
0.04111	0.02570
0.04113	0.07529
0.04116	0.08435
0.04118	0.07782
0.04120	0.06787
0.04122	0.04849
0.04125	0.01468
0.04127	-0.01093
0.04129	-0.01672
0.04132	-0.01837
0.04134	-0.00659
0.04136	0.02026
0.04138	0.04343
0.04141	0.04156
0.04143	0.01291
0.04145	-0.00632
0.04147	-0.02448
0.04150	-0.09131
0.04152	-0.16940
0.04154	-0.18329
0.04156	-0.12482
0.04159	-0.02023
0.04161	0.06998
0.04163	0.09302
0.04166	0.05081
0.04168	-0.02621
0.04170	-0.08615
0.04172	-0.08569
0.04175	-0.02829
0.04177	0.04361
0.04179	0.10959
0.04181	0.17706
0.04184	0.21893
0.04186	0.19919
0.04188	0.11008
0.04190	-0.02832
0.04193	-0.13785
0.04195	-0.14117
0.04197	-0.05945
0.04200	0.02539
0.04202	0.05505
0.04204	0.02005
0.04206	-0.05850
0.04209	-0.13812
0.04211	-0.16168
0.04213	-0.12524
0.04215	-0.07791
0.04218	-0.04367
0.04220	-0.01648
0.04222	0.01843
0.04224	0.06097
0.04227	0.08060
0.04229	0.05762
0.04231	0.01071
0.04234	-0.01248
0.04236	0.01291
0.04238	0.03534
0.04240	0.01550
0.04243	0.00122
0.04245	0.03659
0.04247	0.09805
0.04249	0.11316
0.04252	0.05554
0.04254	-0.01135
0.04256	-0.04895
0.04259	-0.06516
0.04261	-0.07654
0.04263	-0.08600
0.04265	-0.06732
0.04268	-0.02814
0.04270	-0.01050
0.04272	-0.03394
0.04274	-0.07257
0.04277	-0.09698
0.04279	-0.10913
0.04281	-0.09702
0.04283	-0.04440
0.04286	0.03522
0.04288	0.10638
0.04290	0.12491
0.04293	0.09055
0.04295	0.06570
0.04297	0.07513
0.04299	0.08960
0.04302	0.08395
0.04304	0.04761
0.04306	0.01752
0.04308	0.02991
0.04311	0.05389
0.04313	0.03763
0.04315	-0.02283
0.04317	-0.08527
0.04320	-0.11658
0.04322	-0.10623
0.04324	-0.07477
0.04327	-0.04858
0.04329	-0.03149
0.04331	-0.03635
0.04333	-0.06390
0.04336	-0.07764
0.04338	-0.05136
0.04340	-0.00772
0.04342	0.03040
0.04345	0.05896
0.04347	0.06555
0.04349	0.05301
0.04351	0.03073
0.04354	0.02368
0.04356	0.06067
0.04358	0.10767
0.04361	0.10846
0.04363	0.05887
0.04365	-0.00497
0.04367	-0.03998
0.04370	-0.04047
0.04372	-0.04068
0.04374	-0.05515
0.04376	-0.06412
0.04379	-0.06158
0.04381	-0.06485
0.04383	-0.06970
0.04385	-0.06909
0.04388	-0.08011
0.04390	-0.09683
0.04392	-0.08005
0.04395	-0.02231
0.04397	0.03311
0.04399	0.05072
0.04401	0.05353
0.04404	0.06036
0.04406	0.06564
0.04408	0.08215
0.04410	0.10242
0.04413	0.10556
0.04415	0.08554
0.04417	0.05481
0.04420	0.03635
0.04422	0.03131
0.04424	0.01590
0.04426	-0.01599
0.04429	-0.04181
0.04431	-0.04773
0.04433	-0.03601
0.04435	-0.02957
0.04438	-0.05957
0.04440	-0.10269
0.04442	-0.10675
0.04444	-0.06976
0.04447	-0.03027
0.04449	-0.02209
0.04451	-0.04141
0.04454	-0.04205
0.04456	-0.00485
0.04458	0.04160
0.04460	0.05695
0.04463	0.04309
0.04465	0.03928
0.04467	0.06049
0.04469	0.09320
0.04472	0.10547
0.04474	0.06931
0.04476	0.01050
0.04478	-0.03632
0.04481	-0.05798
0.04483	-0.03204
0.04485	0.00735
0.04488	0.00699
0.04490	-0.02786
0.04492	-0.06369
0.04494	-0.07657
0.04497	-0.07040
0.04499	-0.06473
0.04501	-0.05048
0.04503	-0.01059
0.04506	0.02835
0.04508	0.03061
0.04510	0.00378
0.04512	-0.01831
0.04515	-0.01529
0.04517	0.00977
0.04519	0.03073
0.04522	0.03677
0.04524	0.04517
0.04526	0.05475
0.04528	0.03931
0.04531	0.00821
0.04533	-0.00394
0.04535	0.02328
0.04537	0.07501
0.04540	0.09912
0.04542	0.06213
0.04544	-0.00052
0.04546	-0.03339
0.04549	-0.03214
0.04551	-0.02750
0.04553	-0.03650
0.04556	-0.04578
0.04558	-0.04233
0.04560	-0.04181
0.04562	-0.07050
0.04565	-0.11179
0.04567	-0.10959
0.04569	-0.05350
0.04571	0.01077
0.04574	0.05228
0.04576	0.07855
0.04578	0.09326
0.04580	0.07413
0.04583	0.02341
0.04585	-0.02286
0.04587	-0.01746
0.04590	0.04892
0.04592	0.10791
0.04594	0.09650
0.04596	0.03439
0.04599	-0.01709
0.04601	-0.03735
0.04603	-0.05603
0.04605	-0.08444
0.04608	-0.07941
0.04610	-0.02695
0.04612	0.02893
0.04615	0.04181
0.04617	-0.00870
0.04619	-0.07709
0.04621	-0.10248
0.04624	-0.08020
0.04626	-0.03925
0.04628	-0.00952
0.04630	0.00714
0.04633	0.01663
0.04635	0.01443
0.04637	0.01785
0.04639	0.03845
0.04642	0.05261
0.04644	0.04846
0.04646	0.03976
0.04649	0.05011
0.04651	0.09467
0.04653	0.13782
0.04655	0.13354
0.04658	0.08588
0.04660	0.02011
0.04662	-0.03564
0.04664	-0.06277
0.04667	-0.07535
0.04669	-0.08981
0.04671	-0.09854
0.04673	-0.09177
0.04676	-0.07465
0.04678	-0.05789
0.04680	-0.05017
0.04683	-0.04697
0.04685	-0.04184
0.04687	-0.02701
0.04689	0.00073
0.04692	0.02719
0.04694	0.04205
0.04696	0.05502
0.04698	0.08313
0.04701	0.11414
0.04703	0.11511
0.04705	0.07617
0.04707	0.01443
0.04710	-0.04285
0.04712	-0.06149
0.04714	-0.03558
0.04717	0.00690
0.04719	0.03256
0.04721	0.02271
0.04723	-0.00195
0.04726	-0.01154
0.04728	-0.02567
0.04730	-0.06464
0.04732	-0.11365
0.04735	-0.12906
0.04737	-0.07175
0.04739	0.02057
0.04741	0.06818
0.04744	0.04282
0.04746	-0.01672
0.04748	-0.05685
0.04751	-0.06015
0.04753	-0.03854
0.04755	0.00601
0.04757	0.06979
0.04760	0.13678
0.04762	0.17517
0.04764	0.16458
0.04766	0.11838
0.04769	0.05606
0.04771	0.00082
0.04773	-0.02609
0.04776	-0.02756
0.04778	-0.01700
0.04780	-0.01202
0.04782	-0.02988
0.04785	-0.06427
0.04787	-0.09445
0.04789	-0.10916
0.04791	-0.10678
0.04794	-0.09698
0.04796	-0.08408
0.04798	-0.04874
0.04800	-0.00027
0.04803	0.03131
0.04805	0.03998
0.04807	0.04230
0.04810	0.05316
0.04812	0.07632
0.04814	0.10123
0.04816	0.09564
0.04819	0.05484
0.04821	0.00558
0.04823	-0.02194
0.04825	-0.00821
0.04828	0.02820
0.04830	0.05176
0.04832	0.04599
0.04834	0.01788
0.04837	-0.01550
0.04839	-0.04492
0.04841	-0.07111
0.04844	-0.08392
0.04846	-0.07190
0.04848	-0.04211
0.04850	-0.01474
0.04853	-0.01236
0.04855	-0.03363
0.04857	-0.06552
0.04859	-0.09653
0.04862	-0.09613
0.04864	-0.05118
0.04866	0.02524
0.04868	0.09573
0.04871	0.12415
0.04873	0.13074
0.04875	0.13422
0.04878	0.12714
0.04880	0.10843
0.04882	0.07318
0.04884	0.02469
0.04887	-0.00769
0.04889	-0.00977
0.04891	-0.00214
0.04893	-0.01114
0.04896	-0.04037
0.04898	-0.06555
0.04900	-0.07715
0.04902	-0.08292
0.04905	-0.09433
0.04907	-0.11447
0.04909	-0.11386
0.04912	-0.06970
0.04914	0.00610
0.04916	0.07043
0.04918	0.08905
0.04921	0.08093
0.04923	0.06497
0.04925	0.03763
0.04927	0.00595
0.04930	-0.01196
0.04932	-0.00253
0.04934	0.03506
0.04937	0.07944
0.04939	0.09592
0.04941	0.06824
0.04943	0.00739
0.04946	-0.05362
0.04948	-0.08408
0.04950	-0.07401
0.04952	-0.03116
0.04955	0.01892
0.04957	0.04520
0.04959	0.02942
0.04961	-0.01794
0.04964	-0.06970
0.04966	-0.10455
0.04968	-0.11331
0.04971	-0.09283
0.04973	-0.04810
0.04975	0.00775
0.04977	0.05670
0.04980	0.08075
0.04982	0.07529
0.04984	0.05457
0.04986	0.04684
0.04989	0.05554
0.04991	0.06210
0.04993	0.06100
0.04995	0.05692
0.04998	0.05850
0.05000	0.06039
0.05002	0.04581
0.05005	0.01416
0.05007	-0.01459
0.05009	-0.03674
0.05011	-0.06247
0.05014	-0.08414
0.05016	-0.09116
0.05018	-0.07202
0.05020	-0.03265
0.05023	0.00040
0.05025	0.00980
0.05027	0.00107
0.05029	-0.00116
0.05032	-0.00253
0.05034	-0.01947
0.05036	-0.03223
0.05039	-0.01724
0.05041	0.01755
0.05043	0.04327
0.05045	0.04517
0.05048	0.03482
0.05050	0.03015
0.05052	0.02707
0.05054	0.02307
0.05057	0.02237
0.05059	0.02643
0.05061	0.03876
0.05063	0.04541
0.05066	0.03268
0.05068	0.01285
0.05070	0.00192
0.05073	-0.00699
0.05075	-0.03128
0.05077	-0.06375
0.05079	-0.08459
0.05082	-0.09085
0.05084	-0.08704
0.05086	-0.06763
0.05088	-0.02835
0.05091	0.02261
0.05093	0.05795
0.05095	0.05716
0.05098	0.02948
0.05100	-0.00632
0.05102	-0.01950
0.05104	0.00415
0.05107	0.04178
0.05109	0.07590
0.05111	0.10699
0.05113	0.12732
0.05116	0.11465
0.05118	0.06302
0.05120	-0.01151
0.05122	-0.07446
0.05125	-0.08188
0.05127	-0.03369
0.05129	0.02216
0.05132	0.04727
0.05134	0.03482
0.05136	-0.01105
0.05138	-0.07297
0.05141	-0.12146
0.05143	-0.13818
0.05145	-0.11337
0.05147	-0.05667
0.05150	0.00125
0.05152	0.04169
0.05154	0.05881
0.05156	0.05035
0.05159	0.02734
0.05161	0.01083
0.05163	0.01773
0.05166	0.04840
0.05168	0.08743
0.05170	0.11359
0.05172	0.10895
0.05175	0.07516
0.05177	0.02502
0.05179	-0.01416
0.05181	-0.02878
0.05184	-0.04163
0.05186	-0.06174
0.05188	-0.07697
0.05190	-0.07553
0.05193	-0.05365
0.05195	-0.02383
0.05197	-0.01538
0.05200	-0.04333
0.05202	-0.07187
0.05204	-0.06213
0.05206	-0.02631
0.05209	0.00851
0.05211	0.03741
0.05213	0.05597
0.05215	0.06216
0.05218	0.06055
0.05220	0.04907
0.05222	0.04367
0.05224	0.05417
0.05227	0.07092
0.05229	0.08496
0.05231	0.08820
0.05234	0.07642
0.05236	0.04489
0.05238	-0.00070
0.05240	-0.03809
0.05243	-0.03751
0.05245	-0.00671
0.05247	-0.00092
0.05249	-0.04050
0.05252	-0.09018
0.05254	-0.10904
0.05256	-0.09204
0.05259	-0.06372
0.05261	-0.04935
0.05263	-0.04880
0.05265	-0.04245
0.05268	-0.01340
0.05270	0.03473
0.05272	0.06918
0.05274	0.07312
0.05277	0.06003
0.05279	0.05560
0.05281	0.07138
0.05283	0.08817
0.05286	0.08905
0.05288	0.06665
0.05290	0.02875
0.05293	-0.00418
0.05295	-0.02292
0.05297	-0.03113
0.05299	-0.03793
0.05302	-0.04919
0.05304	-0.05637
0.05306	-0.04507
0.05308	-0.02481
0.05311	-0.02243
0.05313	-0.04440
0.05315	-0.06659
0.05317	-0.05850
0.05320	-0.01785
0.05322	0.02356
0.05324	0.03305
0.05327	0.01163
0.05329	-0.00299
0.05331	0.01312
0.05333	0.04449
0.05336	0.06689
0.05338	0.06998
0.05340	0.06729
0.05342	0.07220
0.05345	0.07675
0.05347	0.07156
0.05349	0.05887
0.05351	0.04330
0.05354	0.02322
0.05356	-0.00464
0.05358	-0.02783
0.05361	-0.04010
0.05363	-0.05862
0.05365	-0.08856
0.05367	-0.10712
0.05370	-0.08890
0.05372	-0.04636
0.05374	-0.02884
0.05376	-0.05350
0.05379	-0.07483
0.05381	-0.05017
0.05383	0.01709
0.05385	0.08337
0.05388	0.10529
0.05390	0.09024
0.05392	0.07773
0.05395	0.07617
0.05397	0.06836
0.05399	0.05313
0.05401	0.03525
0.05404	0.01889
0.05406	0.00641
0.05408	-0.00500
0.05410	-0.01239
0.05413	-0.01730
0.05415	-0.02911
0.05417	-0.04578
0.05420	-0.05490
0.05422	-0.04688
0.05424	-0.02728
0.05426	-0.02115
0.05429	-0.03989
0.05431	-0.05630
0.05433	-0.03992
0.05435	0.00180
0.05438	0.03049
0.05440	0.02435
0.05442	0.00507
0.05444	-0.00021
0.05447	0.01132
0.05449	0.02960
0.05451	0.05026
0.05454	0.07541
0.05456	0.09720
0.05458	0.10089
0.05460	0.07782
0.05463	0.04166
0.05465	0.01227
0.05467	-0.00363
0.05469	-0.00586
0.05472	-0.00266
0.05474	-0.00314
0.05476	-0.01270
0.05478	-0.03152
0.05481	-0.05499
0.05483	-0.07285
0.05485	-0.07855
0.05488	-0.07648
0.05490	-0.06180
0.05492	-0.03125
0.05494	0.00790
0.05497	0.04245
0.05499	0.05679
0.05501	0.04974
0.05503	0.03235
0.05506	0.01770
0.05508	0.01447
0.05510	0.02637
0.05512	0.04434
0.05515	0.05148
0.05517	0.04483
0.05519	0.02637
0.05522	0.00513
0.05524	-0.00430
0.05526	-0.00455
0.05528	-0.00894
0.05531	-0.02460
0.05533	-0.03473
0.05535	-0.02039
0.05537	0.00192
0.05540	0.01303
0.05542	0.01141
0.05544	-0.00037
0.05546	-0.01804
0.05549	-0.03967
0.05551	-0.06339
0.05553	-0.07071
0.05556	-0.04663
0.05558	0.00235
0.05560	0.05313
0.05562	0.07202
0.05565	0.05273
0.05567	0.02155
0.05569	0.00540
0.05571	0.01813
0.05574	0.05652
0.05576	0.09543
0.05578	0.11133
0.05580	0.10349
0.05583	0.07712
0.05585	0.02841
0.05587	-0.02765
0.05590	-0.06201
0.05592	-0.06467
0.05594	-0.04703
0.05596	-0.02942
0.05599	-0.02966
0.05601	-0.05469
0.05603	-0.08081
0.05605	-0.07544
0.05608	-0.03790
0.05610	0.00168
0.05612	0.01923
0.05615	0.01581
0.05617	0.00455
0.05619	0.00122
0.05621	0.01089
0.05624	0.02567
0.05626	0.04486
0.05628	0.06693
0.05630	0.07852
0.05633	0.06964
0.05635	0.04501
0.05637	0.02365
0.05639	0.01425
0.05642	0.00461
0.05644	-0.00595
0.05646	-0.00171
0.05649	0.02069
0.05651	0.04059
0.05653	0.02640
0.05655	-0.02536
0.05658	-0.07901
0.05660	-0.10397
0.05662	-0.10471
0.05664	-0.08929
0.05667	-0.05270
0.05669	-0.00244
0.05671	0.03781
0.05673	0.04346
0.05676	0.01324
0.05678	-0.01492
0.05680	-0.00626
0.05683	0.03845
0.05685	0.08551
0.05687	0.10706
0.05689	0.11005
0.05692	0.10434
0.05694	0.08838
0.05696	0.06082
0.05698	0.02863
0.05701	0.00491
0.05703	-0.01138
0.05705	-0.03232
0.05707	-0.05600
0.05710	-0.06732
0.05712	-0.05920
0.05714	-0.03949
0.05717	-0.02725
0.05719	-0.03738
0.05721	-0.05542
0.05723	-0.06171
0.05726	-0.05493
0.05728	-0.03940
0.05730	-0.01700
0.05732	0.01541
0.05735	0.05713
0.05737	0.09500
0.05739	0.10931
0.05741	0.08652
0.05744	0.03464
0.05746	-0.00854
0.05748	-0.01059
0.05751	0.02026
0.05753	0.05563
0.05755	0.07501
0.05757	0.06784
0.05760	0.03314
0.05762	-0.01675
0.05764	-0.05768
0.05766	-0.07709
0.05769	-0.07449
0.05771	-0.05338
0.05773	-0.02896
0.05776	-0.01694
0.05778	-0.02640
0.05780	-0.04657
0.05782	-0.05579
0.05785	-0.04205
0.05787	-0.01041
0.05789	0.02112
0.05791	0.04041
0.05794	0.05002
0.05796	0.05585
0.05798	0.06293
0.05800	0.07257
0.05803	0.08258
0.05805	0.08939
0.05807	0.08875
0.05810	0.07211
0.05812	0.03790
0.05814	0.00018
0.05816	-0.02551
0.05819	-0.03012
0.05821	-0.02332
0.05823	-0.01688
0.05825	-0.01456
0.05828	-0.01978
0.05830	-0.03052
0.05832	-0.04938
0.05834	-0.07675
0.05837	-0.09213
0.05839	-0.07913
0.05841	-0.04114
0.05844	0.00348
0.05846	0.03671
0.05848	0.05325
0.05850	0.04761
0.05853	0.02451
0.05855	0.00995
0.05857	0.02103
0.05859	0.05008
0.05862	0.07611
0.05864	0.08975
0.05866	0.09155
0.05868	0.07541
0.05871	0.03928
0.05873	-0.00952
0.05875	-0.05310
0.05878	-0.06717
0.05880	-0.05280
0.05882	-0.03342
0.05884	-0.02664
0.05887	-0.03137
0.05889	-0.02908
0.05891	-0.02258
0.05893	-0.02374
0.05896	-0.03162
0.05898	-0.04102
0.05900	-0.03763
0.05902	-0.01028
0.05905	0.03482
0.05907	0.07681
0.05909	0.09174
0.05912	0.07126
0.05914	0.03601
0.05916	0.01492
0.05918	0.01819
0.05921	0.03784
0.05923	0.04956
0.05925	0.04483
0.05927	0.04245
0.05930	0.04474
0.05932	0.03717
0.05934	0.01208
0.05937	-0.01959
0.05939	-0.04080
0.05941	-0.04816
0.05943	-0.04776
0.05946	-0.03986
0.05948	-0.02881
0.05950	-0.02756
0.05952	-0.03647
0.05955	-0.04306
0.05957	-0.03833
0.05959	-0.02475
0.05961	-0.00998
0.05964	0.00430
0.05966	0.02448
0.05968	0.05392
0.05971	0.07745
0.05973	0.08093
0.05975	0.06631
0.05977	0.04630
0.05980	0.03531
0.05982	0.02747
0.05984	0.01535
0.05986	0.00195
0.05989	-0.00867
0.05991	-0.00882
0.05993	-0.00299
0.05995	-0.00766
0.05998	-0.02737
0.06000	-0.04736
0.06002	-0.05139
0.06005	-0.03842
0.06007	-0.02155
0.06009	-0.01056
0.06011	-0.00223
0.06014	0.00623
0.06016	0.01263
0.06018	0.01346
0.06020	0.00677
0.06023	0.00119
0.06025	0.00558
0.06027	0.02014
0.06029	0.03540
0.06032	0.04153
0.06034	0.03824
0.06036	0.03400
0.06039	0.03378
0.06041	0.03821
0.06043	0.04987
0.06045	0.06296
0.06048	0.06500
0.06050	0.04614
0.06052	0.01770
0.06054	-0.00259
0.06057	-0.01770
0.06059	-0.03580
0.06061	-0.05295
0.06063	-0.06003
0.06066	-0.05511
0.06068	-0.04468
0.06070	-0.04083
0.06073	-0.04495
0.06075	-0.04318
0.06077	-0.03040
0.06079	-0.01077
0.06082	0.01642
0.06084	0.04785
0.06086	0.07312
0.06088	0.08112
0.06091	0.06427
0.06093	0.03589
0.06095	0.01797
0.06098	0.01678
0.06100	0.02740
0.06102	0.03925
0.06104	0.04138
0.06107	0.02444
0.06109	-0.00992
0.06111	-0.04077
0.06113	-0.04428
0.06116	-0.01889
0.06118	0.00760
0.06120	0.00854
0.06122	-0.01480
0.06125	-0.03900
0.06127	-0.04187
0.06129	-0.02710
0.06132	-0.01291
0.06134	-0.00961
0.06136	-0.01099
0.06138	-0.00955
0.06141	-0.00525
0.06143	0.00497
0.06145	0.02292
0.06147	0.04669
0.06150	0.06900
0.06152	0.08261
0.06154	0.08749
0.06156	0.08673
0.06159	0.07983
0.06161	0.06174
0.06163	0.03537
0.06166	0.01392
0.06168	0.00748
0.06170	0.00534
0.06172	-0.01239
0.06175	-0.05029
0.06177	-0.09375
0.06179	-0.11667
0.06181	-0.10953
0.06184	-0.07864
0.06186	-0.03671
0.06188	-0.00470
0.06190	0.00839
0.06193	0.00708
0.06195	0.00443
0.06197	0.01233
0.06200	0.03094
0.06202	0.05481
0.06204	0.07645
0.06206	0.08658
0.06209	0.08228
0.06211	0.06482
0.06213	0.03821
0.06215	0.01367
0.06218	-0.00034
0.06220	-0.00308
0.06222	-0.00162
0.06224	-0.00360
0.06227	-0.00443
0.06229	-0.00400
0.06231	-0.00931
0.06234	-0.02139
0.06236	-0.03467
0.06238	-0.04312
0.06240	-0.04581
0.06243	-0.04211
0.06245	-0.03070
0.06247	-0.01685
0.06249	-0.00797
0.06252	-0.00790
0.06254	-0.00900
0.06256	0.00461
0.06259	0.03275
0.06261	0.05630
0.06263	0.06259
0.06265	0.06079
0.06268	0.06851
0.06270	0.08633
0.06272	0.09467
0.06274	0.08398
0.06277	0.06073
0.06279	0.03436
0.06281	0.01102
0.06283	-0.01355
0.06286	-0.04379
0.06288	-0.07333
0.06290	-0.08780
0.06293	-0.07733
0.06295	-0.05197
0.06297	-0.02908
0.06299	-0.01895
0.06302	-0.02246
0.06304	-0.03223
0.06306	-0.03381
0.06308	-0.01547
0.06311	0.01901
0.06313	0.05240
0.06315	0.07092
0.06317	0.07571
0.06320	0.06998
0.06322	0.05243
0.06324	0.02841
0.06327	0.01035
0.06329	0.00592
0.06331	0.01190
0.06333	0.01859
0.06336	0.01965
0.06338	0.01468
0.06340	0.00586
0.06342	-0.00089
0.06345	-0.00583
0.06347	-0.01282
0.06349	-0.02271
0.06351	-0.03470
0.06354	-0.04111
0.06356	-0.03812
0.06358	-0.02945
0.06361	-0.01968
0.06363	-0.01297
0.06365	-0.00848
0.06367	-0.00540
0.06370	-0.00403
0.06372	0.00125
0.06374	0.01917
0.06376	0.04810
0.06379	0.07761
0.06381	0.09848
0.06383	0.10632
0.06385	0.09888
0.06388	0.07327
0.06390	0.03754
0.06392	0.00833
0.06395	-0.00797
0.06397	-0.01801
0.06399	-0.02298
0.06401	-0.02271
0.06404	-0.02100
0.06406	-0.02551
0.06408	-0.04108
0.06410	-0.05746
0.06413	-0.06232
0.06415	-0.05331
0.06417	-0.03589
0.06420	-0.01932
0.06422	-0.00226
0.06424	0.02328
0.06426	0.04849
0.06429	0.05478
0.06431	0.03796
0.06433	0.01266
0.06435	-0.00165
0.06438	0.00598
0.06440	0.02969
0.06442	0.05295
0.06444	0.06348
0.06447	0.05869
0.06449	0.04276
0.06451	0.01892
0.06454	-0.00656
0.06456	-0.02029
0.06458	-0.01736
0.06460	-0.00748
0.06463	0.00092
0.06465	0.00247
0.06467	-0.00424
0.06469	-0.01810
0.06472	-0.03848
0.06474	-0.05359
0.06476	-0.05133
0.06478	-0.03351
0.06481	-0.00943
0.06483	0.01367
0.06485	0.03384
0.06488	0.04855
0.06490	0.05276
0.06492	0.04874
0.06494	0.04401
0.06497	0.04352
0.06499	0.04465
0.06501	0.04318
0.06503	0.04004
0.06506	0.03415
0.06508	0.02603
0.06510	0.02054
0.06512	0.01865
0.06515	0.01663
0.06517	0.00650
0.06519	-0.01538
0.06522	-0.03790
0.06524	-0.04611
0.06526	-0.03748
0.06528	-0.02234
0.06531	-0.01141
0.06533	-0.00858
0.06535	-0.01059
0.06537	-0.01398
0.06540	-0.01407
0.06542	-0.01321
0.06544	-0.01508
0.06546	-0.01083
0.06549	0.00693
0.06551	0.03439
0.06553	0.05713
0.06556	0.06400
0.06558	0.05865
0.06560	0.04840
0.06562	0.03690
0.06565	0.02847
0.06567	0.02591
0.06569	0.02780
0.06571	0.02716
0.06574	0.01712
0.06576	-0.00116
0.06578	-0.01794
0.06580	-0.02789
0.06583	-0.03537
0.06585	-0.04236
0.06587	-0.04474
0.06590	-0.04092
0.06592	-0.03534
0.06594	-0.02811
0.06596	-0.01389
0.06599	0.01028
0.06601	0.03452
0.06603	0.04620
0.06605	0.04208
0.06608	0.02560
0.06610	0.01294
0.06612	0.01749
0.06615	0.03659
0.06617	0.06033
0.06619	0.07654
0.06621	0.07919
0.06624	0.07065
0.06626	0.05273
0.06628	0.02802
0.06630	0.00241
0.06633	-0.01694
0.06635	-0.02557
0.06637	-0.02313
0.06639	-0.01422
0.06642	-0.00983
0.06644	-0.01981
0.06646	-0.04398
0.06649	-0.06912
0.06651	-0.07928
0.06653	-0.06961
0.06655	-0.05008
0.06658	-0.02893
0.06660	-0.00229
0.06662	0.03101
0.06664	0.05862
0.06667	0.06750
0.06669	0.06210
0.06671	0.05920
0.06673	0.06473
0.06676	0.06970
0.06678	0.06546
0.06680	0.05029
0.06683	0.03049
0.06685	0.01480
0.06687	0.00375
0.06689	-0.00409
0.06692	-0.01404
0.06694	-0.03174
0.06696	-0.05078
0.06698	-0.06143
0.06701	-0.05981
0.06703	-0.04578
0.06705	-0.02231
0.06707	0.00250
0.06710	0.01810
0.06712	0.01929
0.06714	0.01038
0.06717	-0.00031
0.06719	-0.00607
0.06721	0.00092
0.06723	0.02429
0.06726	0.05536
0.06728	0.08023
0.06730	0.08725
0.06732	0.07666
0.06735	0.05991
0.06737	0.04510
0.06739	0.03201
0.06741	0.01892
0.06744	0.00903
0.06746	0.00793
0.06748	0.00989
0.06751	0.00580
0.06753	-0.00812
0.06755	-0.03372
0.06757	-0.06375
0.06760	-0.08438
0.06762	-0.08752
0.06764	-0.07062
0.06766	-0.04199
0.06769	-0.01517
0.06771	0.00565
0.06773	0.02032
0.06776	0.02859
0.06778	0.03217
0.06780	0.03592
0.06782	0.04575
0.06785	0.06171
0.06787	0.07513
0.06789	0.07770
0.06791	0.06805
0.06794	0.05356
0.06796	0.03598
0.06798	0.01248
0.06800	-0.01334
0.06803	-0.03455
0.06805	-0.04065
0.06807	-0.03015
0.06810	-0.01599
0.06812	-0.00858
0.06814	-0.00955
0.06816	-0.01422
0.06819	-0.01868
0.06821	-0.02487
0.06823	-0.03137
0.06825	-0.02655
0.06828	-0.00616
0.06830	0.01587
0.06832	0.02719
0.06834	0.02838
0.06837	0.02838
0.06839	0.03186
0.06841	0.03448
0.06844	0.03592
0.06846	0.04108
0.06848	0.05084
0.06850	0.06021
0.06853	0.06516
0.06855	0.06332
0.06857	0.05405
0.06859	0.03540
0.06862	0.00696
0.06864	-0.01953
0.06866	-0.03278
0.06868	-0.03217
0.06871	-0.02734
0.06873	-0.03217
0.06875	-0.04602
0.06878	-0.05679
0.06880	-0.05692
0.06882	-0.04663
0.06884	-0.03073
0.06887	-0.01260
0.06889	0.00821
0.06891	0.03012
0.06893	0.04800
0.06896	0.05795
0.06898	0.05872
0.06900	0.05472
0.06902	0.05096
0.06905	0.04617
0.06907	0.03806
0.06909	0.02527
0.06912	0.01047
0.06914	-0.00159
0.06916	-0.00720
0.06918	-0.00287
0.06921	0.00491
0.06923	0.00311
0.06925	-0.01096
0.06927	-0.02383
0.06930	-0.02316
0.06932	-0.01120
0.06934	-0.00009
0.06937	-0.00131
0.06939	-0.01318
0.06941	-0.02234
0.06943	-0.01617
0.06946	0.00092
0.06948	0.01471
0.06950	0.01959
0.06952	0.02002
0.06955	0.02280
0.06957	0.02951
0.06959	0.04132
0.06961	0.05554
0.06964	0.06451
0.06966	0.06595
0.06968	0.06149
0.06971	0.05164
0.06973	0.03735
0.06975	0.02164
0.06977	0.00677
0.06980	-0.00543
0.06982	-0.01447
0.06984	-0.02347
0.06986	-0.03616
0.06989	-0.04944
0.06991	-0.05640
0.06993	-0.05289
0.06995	-0.04074
0.06998	-0.02652
0.07000	-0.01556
0.07002	-0.00412
0.07005	0.01221
0.07007	0.02951
0.07009	0.03989
0.07011	0.04117
0.07014	0.03729
0.07016	0.03366
0.07018	0.03259
0.07020	0.03232
0.07023	0.03146
0.07025	0.02991
0.07027	0.02783
0.07029	0.02588
0.07032	0.02475
0.07034	0.02066
0.07036	0.01099
0.07039	-0.00165
0.07041	-0.00919
0.07043	-0.00662
0.07045	-0.00052
0.07048	-0.00092
0.07050	-0.00763
0.07052	-0.01593
0.07054	-0.02097
0.07057	-0.02319
0.07059	-0.02460
0.07061	-0.02139
0.07063	-0.01291
0.07066	-0.00116
0.07068	0.01062
0.07070	0.02249
0.07073	0.03525
0.07075	0.04834
0.07077	0.05786
0.07079	0.06030
0.07082	0.06058
0.07084	0.06207
0.07086	0.06174
0.07088	0.05487
0.07091	0.03931
0.07093	0.01978
0.07095	0.00333
0.07098	-0.01068
0.07100	-0.02286
0.07102	-0.03214
0.07104	-0.04132
0.07107	-0.05109
0.07109	-0.05725
0.07111	-0.05444
0.07113	-0.03940
0.07116	-0.01645
0.07118	0.00262
0.07120	0.00906
0.07122	0.00729
0.07125	0.00894
0.07127	0.01715
0.07129	0.02615
0.07132	0.03278
0.07134	0.04025
0.07136	0.05148
0.07138	0.06403
0.07141	0.07043
0.07143	0.06299
0.07145	0.04083
0.07147	0.01309
0.07150	-0.00677
0.07152	-0.01071
0.07154	-0.00125
0.07156	0.01047
0.07159	0.01230
0.07161	-0.00070
0.07163	-0.02408
0.07166	-0.04568
0.07168	-0.05725
0.07170	-0.05838
0.07172	-0.05017
0.07175	-0.03339
0.07177	-0.00760
0.07179	0.02011
0.07181	0.03854
0.07184	0.04486
0.07186	0.04532
0.07188	0.04810
0.07190	0.05402
0.07193	0.05789
0.07195	0.05869
0.07197	0.06253
0.07200	0.07098
0.07202	0.07504
0.07204	0.06415
0.07206	0.03586
0.07209	-0.00064
0.07211	-0.03192
0.07213	-0.04852
0.07215	-0.04846
0.07218	-0.03845
0.07220	-0.02881
0.07222	-0.02667
0.07224	-0.02905
0.07227	-0.03210
0.07229	-0.03442
0.07231	-0.03604
0.07234	-0.03586
0.07236	-0.02621
0.07238	-0.00522
0.07240	0.02203
0.07243	0.04868
0.07245	0.06461
0.07247	0.06775
0.07249	0.06470
0.07252	0.05875
0.07254	0.04868
0.07256	0.03622
0.07259	0.02722
0.07261	0.02707
0.07263	0.03159
0.07265	0.03143
0.07268	0.02036
0.07270	-0.00027
0.07272	-0.02203
0.07274	-0.04086
0.07277	-0.05341
0.07279	-0.05414
0.07281	-0.04062
0.07283	-0.01862
0.07286	-0.00064
0.07288	0.00568
0.07290	0.00604
0.07293	0.00870
0.07295	0.01535
0.07297	0.02335
0.07299	0.02957
0.07302	0.03534
0.07304	0.04245
0.07306	0.05051
0.07308	0.05823
0.07311	0.06186
0.07313	0.05923
0.07315	0.04987
0.07317	0.03244
0.07320	0.01193
0.07322	-0.00327
0.07324	-0.00827
0.07327	-0.00458
0.07329	0.00043
0.07331	0.00146
0.07333	-0.00406
0.07336	-0.01706
0.07338	-0.03494
0.07340	-0.05090
0.07342	-0.05670
0.07345	-0.04715
0.07347	-0.02539
0.07349	-0.00250
0.07351	0.01306
0.07354	0.02002
0.07356	0.02344
0.07358	0.02655
0.07361	0.03085
0.07363	0.03790
0.07365	0.04562
0.07367	0.05231
0.07370	0.05783
0.07372	0.06134
0.07374	0.05869
0.07376	0.04553
0.07379	0.02338
0.07381	0.00122
0.07383	-0.01346
0.07385	-0.02246
0.07388	-0.03021
0.07390	-0.03448
0.07392	-0.02927
0.07395	-0.01547
0.07397	-0.00241
0.07399	0.00052
0.07401	-0.00781
0.07404	-0.01651
0.07406	-0.01459
0.07408	-0.00098
0.07410	0.01685
0.07413	0.03223
0.07415	0.04218
0.07417	0.04471
0.07420	0.04187
0.07422	0.03638
0.07424	0.03262
0.07426	0.03314
0.07429	0.03574
0.07431	0.03757
0.07433	0.03583
0.07435	0.03391
0.07438	0.03687
0.07440	0.03952
0.07442	0.03201
0.07444	0.01343
0.07447	-0.00735
0.07449	-0.02466
0.07451	-0.03931
0.07454	-0.04956
0.07456	-0.05042
0.07458	-0.04135
0.07460	-0.02603
0.07463	-0.01297
0.07465	-0.00775
0.07467	-0.00888
0.07469	-0.00778
0.07472	0.00259
0.07474	0.02115
0.07476	0.04007
0.07478	0.05392
0.07481	0.06302
0.07483	0.06787
0.07485	0.06625
0.07488	0.05319
0.07490	0.03040
0.07492	0.00809
0.07494	-0.00317
0.07497	-0.00241
0.07499	0.00110
0.07501	0.00186
0.07503	0.00104
0.07506	-0.00006
0.07508	-0.00330
0.07510	-0.00909
0.07512	-0.01236
0.07515	-0.01016
0.07517	-0.00595
0.07519	-0.00381
0.07522	-0.00266
0.07524	0.00089
0.07526	0.00919
0.07528	0.01947
0.07531	0.02515
0.07533	0.02423
0.07535	0.01874
0.07537	0.01611
0.07540	0.02124
0.07542	0.03079
0.07544	0.04276
0.07546	0.05719
0.07549	0.07031
0.07551	0.07452
0.07553	0.06540
0.07556	0.04239
0.07558	0.01074
0.07560	-0.01978
0.07562	-0.03741
0.07565	-0.03741
0.07567	-0.02527
0.07569	-0.01462
0.07571	-0.01764
0.07574	-0.03314
0.07576	-0.05261
0.07578	-0.06229
0.07580	-0.05472
0.07583	-0.03104
0.07585	0.00427
0.07587	0.03943
0.07590	0.06058
0.07592	0.06378
0.07594	0.05600
0.07596	0.04684
0.07599	0.04092
0.07601	0.03986
0.07603	0.04453
0.07605	0.04907
0.07608	0.04553
0.07610	0.03232
0.07612	0.01550
0.07615	0.00253
0.07617	-0.00348
0.07619	-0.00488
0.07621	-0.00549
0.07624	-0.00781
0.07626	-0.00940
0.07628	-0.00894
0.07630	-0.00940
0.07633	-0.01224
0.07635	-0.01715
0.07637	-0.01920
0.07639	-0.01489
0.07642	-0.00571
0.07644	0.00156
0.07646	0.00394
0.07649	0.00674
0.07651	0.01773
0.07653	0.03882
0.07655	0.05960
0.07658	0.07150
0.07660	0.07507
0.07662	0.07510
0.07664	0.07184
0.07667	0.06049
0.07669	0.04141
0.07671	0.02258
0.07673	0.00946
0.07676	-0.00089
0.07678	-0.01404
0.07680	-0.03040
0.07683	-0.04721
0.07685	-0.06003
0.07687	-0.06696
0.07689	-0.06458
0.07692	-0.05005
0.07694	-0.02530
0.07696	-0.00006
0.07698	0.01556
0.07701	0.02176
0.07703	0.02554
0.07705	0.03360
0.07707	0.04474
0.07710	0.05530
0.07712	0.06281
0.07714	0.06467
0.07717	0.05716
0.07719	0.04193
0.07721	0.02695
0.07723	0.01825
0.07726	0.01538
0.07728	0.01443
0.07730	0.01044
0.07732	0.00131
0.07735	-0.00735
0.07737	-0.01151
0.07739	-0.01300
0.07741	-0.01279
0.07744	-0.01041
0.07746	-0.00772
0.07748	-0.00882
0.07751	-0.01501
0.07753	-0.02075
0.07755	-0.02054
0.07757	-0.01077
0.07760	0.00818
0.07762	0.03214
0.07764	0.05234
0.07766	0.06000
0.07769	0.05429
0.07771	0.04486
0.07773	0.04419
0.07776	0.05365
0.07778	0.06577
0.07780	0.06927
0.07782	0.05841
0.07785	0.03775
0.07787	0.01389
0.07789	-0.00983
0.07791	-0.03073
0.07794	-0.04413
0.07796	-0.04663
0.07798	-0.04083
0.07800	-0.03326
0.07803	-0.02765
0.07805	-0.02359
0.07807	-0.01801
0.07810	-0.01035
0.07812	-0.00378
0.07814	0.00089
0.07816	0.00677
0.07819	0.01825
0.07821	0.03433
0.07823	0.05011
0.07825	0.05997
0.07828	0.05948
0.07830	0.04684
0.07832	0.02765
0.07834	0.01508
0.07837	0.01599
0.07839	0.02658
0.07841	0.03574
0.07844	0.03513
0.07846	0.02631
0.07848	0.01407
0.07850	0.00082
0.07853	-0.01086
0.07855	-0.01797
0.07857	-0.01724
0.07859	-0.01001
0.07862	-0.00223
0.07864	-0.00040
0.07866	-0.00635
0.07868	-0.01376
0.07871	-0.01553
0.07873	-0.00803
0.07875	0.00677
0.07878	0.02365
0.07880	0.03787
0.07882	0.04770
0.07884	0.05341
0.07887	0.05441
0.07889	0.05139
0.07891	0.04657
0.07893	0.04205
0.07896	0.03867
0.07898	0.03366
0.07900	0.02533
0.07902	0.01398
0.07905	0.00131
0.07907	-0.00922
0.07909	-0.01456
0.07912	-0.01779
0.07914	-0.02231
0.07916	-0.02332
0.07918	-0.01852
0.07921	-0.01233
0.07923	-0.01013
0.07925	-0.01132
0.07927	-0.01093
0.07930	-0.00696
0.07932	0.00040
0.07934	0.01056
0.07937	0.02136
0.07939	0.03159
0.07941	0.03976
0.07943	0.04318
0.07946	0.04095
0.07948	0.03671
0.07950	0.03455
0.07952	0.03558
0.07955	0.03851
0.07957	0.04080
0.07959	0.03979
0.07961	0.03287
0.07964	0.01941
0.07966	0.00168
0.07968	-0.01450
0.07971	-0.02350
0.07973	-0.02417
0.07975	-0.02042
0.07977	-0.01608
0.07980	-0.01297
0.07982	-0.00894
0.07984	-0.00372
0.07986	0.00058
0.07989	0.00449
0.07991	0.00958
0.07993	0.01804
0.07995	0.02954
0.07998	0.04184
0.08000	0.05249
0.08002	0.05905
0.08005	0.05786
0.08007	0.04611
0.08009	0.02707
0.08011	0.01120
0.08014	0.00867
0.08016	0.02014
0.08018	0.03635
0.08020	0.04318
0.08023	0.03268
0.08025	0.01028
0.08027	-0.01288
0.08029	-0.02914
0.08032	-0.03519
0.08034	-0.03241
0.08036	-0.02463
0.08039	-0.01685
0.08041	-0.01334
0.08043	-0.01471
0.08045	-0.01755
0.08048	-0.01715
0.08050	-0.00980
0.08052	0.00320
0.08054	0.01694
0.08057	0.03061
0.08059	0.04395
0.08061	0.05533
0.08063	0.06268
0.08066	0.06393
0.08068	0.05951
0.08070	0.05127
0.08073	0.04144
0.08075	0.03064
0.08077	0.01917
0.08079	0.00607
0.08082	-0.00635
0.08084	-0.01315
0.08086	-0.01248
0.08088	-0.00714
0.08091	-0.00494
0.08093	-0.01074
0.08095	-0.02176
0.08098	-0.02942
0.08100	-0.02594
0.08102	-0.01080
0.08104	0.01166
0.08107	0.03201
0.08109	0.04166
0.08111	0.03909
0.08113	0.02994
0.08116	0.02255
0.08118	0.02185
0.08120	0.02689
0.08122	0.03604
0.08125	0.04779
0.08127	0.05798
0.08129	0.06088
0.08132	0.05261
0.08134	0.03552
0.08136	0.01587
0.08138	0.00101
0.08141	-0.00745
0.08143	-0.01273
0.08145	-0.01810
0.08147	-0.02499
0.08150	-0.03189
0.08152	-0.03592
0.08154	-0.03690
0.08156	-0.03644
0.08159	-0.03268
0.08161	-0.02512
0.08163	-0.01379
0.08166	0.00107
0.08168	0.01782
0.08170	0.03497
0.08172	0.05270
0.08175	0.06912
0.08177	0.07986
0.08179	0.07971
0.08181	0.06863
0.08184	0.05154
0.08186	0.03415
0.08188	0.02161
0.08190	0.01456
0.08193	0.01083
0.08195	0.00684
0.08197	0.00101
0.08200	-0.00699
0.08202	-0.01929
0.08204	-0.03342
0.08206	-0.04086
0.08209	-0.03583
0.08211	-0.01895
0.08213	0.00275
0.08215	0.01956
0.08218	0.02451
0.08220	0.01840
0.08222	0.00974
0.08224	0.00848
0.08227	0.01566
0.08229	0.02634
0.08231	0.03503
0.08234	0.03995
0.08236	0.04321
0.08238	0.04810
0.08240	0.05304
0.08243	0.05328
0.08245	0.04730
0.08247	0.03693
0.08249	0.02551
0.08252	0.01419
0.08254	0.00323
0.08256	-0.00650
0.08259	-0.01410
0.08261	-0.02002
0.08263	-0.02451
0.08265	-0.03033
0.08268	-0.03827
0.08270	-0.04407
0.08272	-0.04184
0.08274	-0.03015
0.08277	-0.01163
0.08279	0.00839
0.08281	0.02585
0.08283	0.03998
0.08286	0.05029
0.08288	0.05661
0.08290	0.05746
0.08293	0.05225
0.08295	0.04388
0.08297	0.03818
0.08299	0.03622
0.08302	0.03503
0.08304	0.03082
0.08306	0.02155
0.08308	0.00818
0.08311	-0.00598
0.08313	-0.01550
0.08315	-0.01767
0.08317	-0.01450
0.08320	-0.00891
0.08322	-0.00247
0.08324	0.00537
0.08327	0.01245
0.08329	0.01370
0.08331	0.00696
0.08333	-0.00247
0.08336	-0.00620
0.08338	-0.00131
0.08340	0.00909
0.08342	0.02005
0.08345	0.03009
0.08347	0.03918
0.08349	0.04535
0.08351	0.04605
0.08354	0.04178
0.08356	0.03586
0.08358	0.03299
0.08361	0.03461
0.08363	0.03735
0.08365	0.03671
0.08367	0.03058
0.08370	0.01871
0.08372	0.00250
0.08374	-0.01624
0.08376	-0.03250
0.08379	-0.04169
0.08381	-0.04315
0.08383	-0.03806
0.08385	-0.02789
0.08388	-0.01544
0.08390	-0.00589
0.08392	-0.00189
0.08395	0.00024
0.08397	0.00809
0.08399	0.02338
0.08401	0.03928
0.08404	0.04987
0.08406	0.05377
0.08408	0.05270
0.08410	0.04877
0.08413	0.04279
0.08415	0.03568
0.08417	0.02859
0.08420	0.02194
0.08422	0.01511
0.08424	0.00861
0.08426	0.00424
0.08429	0.00308
0.08431	0.00473
0.08433	0.00793
0.08435	0.00995
0.08438	0.00812
0.08440	0.00137
0.08442	-0.00806
0.08444	-0.01385
0.08447	-0.01282
0.08449	-0.00705
0.08451	-0.00140
0.08454	0.00330
0.08456	0.00946
0.08458	0.01651
0.08460	0.02158
0.08463	0.02390
0.08465	0.02533
0.08467	0.02930
0.08469	0.03735
0.08472	0.04803
0.08474	0.05722
0.08476	0.05975
0.08478	0.05231
0.08481	0.03745
0.08483	0.02087
0.08485	0.00662
0.08488	-0.00565
0.08490	-0.01712
0.08492	-0.02600
0.08494	-0.02850
0.08497	-0.02457
0.08499	-0.01990
0.08501	-0.02005
0.08503	-0.02414
0.08506	-0.02509
0.08508	-0.01743
0.08510	-0.00232
0.08512	0.01440
0.08515	0.02887
0.08517	0.03870
0.08519	0.04337
0.08522	0.04263
0.08524	0.03802
0.08526	0.03238
0.08528	0.02979
0.08531	0.03146
0.08533	0.03589
0.08535	0.03979
0.08537	0.04010
0.08540	0.03555
0.08542	0.02582
0.08544	0.01379
0.08546	0.00174
0.08549	-0.00772
0.08551	-0.01361
0.08553	-0.01450
0.08556	-0.01016
0.08558	-0.00488
0.08560	-0.00327
0.08562	-0.00677
0.08565	-0.01315
0.08567	-0.01761
0.08569	-0.01468
0.08571	-0.00314
0.08574	0.01389
0.08576	0.03098
0.08578	0.04279
0.08580	0.04926
0.08583	0.05167
0.08585	0.05112
0.08587	0.04886
0.08590	0.04465
0.08592	0.04105
0.08594	0.03989
0.08596	0.03879
0.08599	0.03210
0.08601	0.01755
0.08603	-0.00070
0.08605	-0.01663
0.08608	-0.02640
0.08610	-0.03162
0.08612	-0.03430
0.08615	-0.03491
0.08617	-0.03171
0.08619	-0.02533
0.08621	-0.01675
0.08624	-0.00717
0.08626	0.00110
0.08628	0.00650
0.08630	0.01071
0.08633	0.01605
0.08635	0.02332
0.08637	0.03394
0.08639	0.04654
0.08642	0.05960
0.08644	0.06824
0.08646	0.06616
0.08649	0.05301
0.08651	0.03619
0.08653	0.02374
0.08655	0.01862
0.08658	0.01721
0.08660	0.01471
0.08662	0.00830
0.08664	-0.00214
0.08667	-0.01385
0.08669	-0.02267
0.08671	-0.02618
0.08673	-0.02429
0.08676	-0.01947
0.08678	-0.01465
0.08680	-0.00974
0.08683	-0.00296
0.08685	0.00626
0.08687	0.01599
0.08689	0.02463
0.08692	0.03378
0.08694	0.04468
0.08696	0.05316
0.08698	0.05380
0.08701	0.04739
0.08703	0.04111
0.08705	0.03885
0.08707	0.03729
0.08710	0.03235
0.08712	0.02432
0.08714	0.01688
0.08717	0.01059
0.08719	0.00003
0.08721	-0.01520
0.08723	-0.02853
0.08726	-0.03284
0.08728	-0.02805
0.08730	-0.02002
0.08732	-0.01337
0.08735	-0.00851
0.08737	-0.00635
0.08739	-0.00806
0.08741	-0.01062
0.08744	-0.00775
0.08746	0.00421
0.08748	0.02249
0.08751	0.04153
0.08753	0.05576
0.08755	0.06281
0.08757	0.06238
0.08760	0.05560
0.08762	0.04663
0.08764	0.03928
0.08766	0.03452
0.08769	0.02942
0.08771	0.02158
0.08773	0.01218
0.08776	0.00235
0.08778	-0.00610
0.08780	-0.01285
0.08782	-0.01801
0.08785	-0.02213
0.08787	-0.02386
0.08789	-0.02139
0.08791	-0.01422
0.08794	-0.00479
0.08796	0.00421
0.08798	0.01389
0.08800	0.02390
0.08803	0.03168
0.08805	0.03299
0.08807	0.02893
0.08810	0.02496
0.08812	0.02670
0.08814	0.03339
0.08816	0.04025
0.08819	0.04309
0.08821	0.04156
0.08823	0.03769
0.08825	0.03128
0.08828	0.02106
0.08830	0.00922
0.08832	0.00098
0.08834	-0.00076
0.08837	0.00250
0.08839	0.00461
0.08841	0.00021
0.08844	-0.01007
0.08846	-0.02222
0.08848	-0.03140
0.08850	-0.03333
0.08853	-0.02692
0.08855	-0.01562
0.08857	-0.00327
0.08859	0.00851
0.08862	0.02002
0.08864	0.03168
0.08866	0.03970
0.08868	0.04156
0.08871	0.04099
0.08873	0.04309
0.08875	0.04816
0.08878	0.05045
0.08880	0.04517
0.08882	0.03528
0.08884	0.02597
0.08887	0.01883
0.08889	0.01212
0.08891	0.00482
0.08893	-0.00293
0.08896	-0.00992
0.08898	-0.01239
0.08900	-0.00983
0.08902	-0.00513
0.08905	-0.00055
0.08907	0.00259
0.08909	0.00595
0.08912	0.00916
0.08914	0.00925
0.08916	0.00562
0.08918	0.00192
0.08921	0.00473
0.08923	0.01651
0.08925	0.03119
0.08927	0.03995
0.08930	0.03903
0.08932	0.03180
0.08934	0.02554
0.08937	0.02390
0.08939	0.02762
0.08941	0.03342
0.08943	0.03696
0.08946	0.03650
0.08948	0.03232
0.08950	0.02402
0.08952	0.01035
0.08955	-0.00690
0.08957	-0.02274
0.08959	-0.03119
0.08961	-0.03217
0.08964	-0.02991
0.08966	-0.02811
0.08968	-0.02655
0.08971	-0.02039
0.08973	-0.00671
0.08975	0.00977
0.08977	0.02100
0.08980	0.02487
0.08982	0.02634
0.08984	0.03290
0.08986	0.04593
0.08989	0.05917
0.08991	0.06454
0.08993	0.06018
0.08995	0.04904
0.08998	0.03528
0.09000	0.02243
0.09002	0.01117
0.09005	0.00275
0.09007	-0.00058
0.09009	0.00082
0.09011	0.00443
0.09014	0.00604
0.09016	0.00296
0.09018	-0.00241
0.09020	-0.00629
0.09023	-0.00763
0.09025	-0.00766
0.09027	-0.00778
0.09029	-0.00726
0.09032	-0.00287
0.09034	0.00632
0.09036	0.01575
0.09039	0.02075
0.09041	0.02014
0.09043	0.01752
0.09045	0.01901
0.09048	0.02686
0.09050	0.03903
0.09052	0.05051
0.09054	0.05777
0.09057	0.05984
0.09059	0.05585
0.09061	0.04422
0.09063	0.02545
0.09066	0.00397
0.09068	-0.01373
