0.00000	0.00601
0.00002	0.00601
0.00005	0.00604
0.00007	0.00595
0.00009	0.00598
0.00011	0.00598
0.00014	0.00592
0.00016	0.00592
0.00018	0.00583
0.00020	0.00580
0.00023	0.00586
0.00025	0.00580
0.00027	0.00589
0.00029	0.00583
0.00032	0.00565
0.00034	0.00571
0.00036	0.00537
0.00039	0.00552
0.00041	0.00571
0.00043	0.00543
0.00045	0.00546
0.00048	0.00577
0.00050	0.00568
0.00052	0.00540
0.00054	0.00534
0.00057	0.00534
0.00059	0.00543
0.00061	0.00552
0.00063	0.00555
0.00066	0.00552
0.00068	0.00516
0.00070	0.00507
0.00073	0.00500
0.00075	0.00500
0.00077	0.00519
0.00079	0.00522
0.00082	0.00543
0.00084	0.00549
0.00086	0.00552
0.00088	0.00565
0.00091	0.00540
0.00093	0.00500
0.00095	0.00522
0.00098	0.00516
0.00100	0.00494
0.00102	0.00497
0.00104	0.00467
0.00107	0.00464
0.00109	0.00470
0.00111	0.00485
0.00113	0.00482
0.00116	0.00482
0.00118	0.00497
0.00120	0.00491
0.00122	0.00510
0.00125	0.00500
0.00127	0.00494
0.00129	0.00488
0.00132	0.00473
0.00134	0.00488
0.00136	0.00494
0.00138	0.00497
0.00141	0.00500
0.00143	0.00519
0.00145	0.00510
0.00147	0.00516
0.00150	0.00510
0.00152	0.00510
0.00154	0.00525
0.00156	0.00522
0.00159	0.00525
0.00161	0.00504
0.00163	0.00488
0.00166	0.00452
0.00168	0.00467
0.00170	0.00455
0.00172	0.00449
0.00175	0.00443
0.00177	0.00406
0.00179	0.00403
0.00181	0.00415
0.00184	0.00391
0.00186	0.00394
0.00188	0.00424
0.00190	0.00446
0.00193	0.00424
0.00195	0.00421
0.00197	0.00424
0.00200	0.00406
0.00202	0.00403
0.00204	0.00385
0.00206	0.00406
0.00209	0.00409
0.00211	0.00415
0.00213	0.00439
0.00215	0.00436
0.00218	0.00436
0.00220	0.00461
0.00222	0.00461
0.00224	0.00455
0.00227	0.00443
0.00229	0.00424
0.00231	0.00446
0.00234	0.00436
0.00236	0.00418
0.00238	0.00381
0.00240	0.00394
0.00243	0.00391
0.00245	0.00397
0.00247	0.00406
0.00249	0.00400
0.00252	0.00391
0.00254	0.00369
0.00256	0.00381
0.00259	0.00357
0.00261	0.00366
0.00263	0.00375
0.00265	0.00360
0.00268	0.00363
0.00270	0.00381
0.00272	0.00397
0.00274	0.00415
0.00277	0.00424
0.00279	0.00461
0.00281	0.00452
0.00283	0.00458
0.00286	0.00476
0.00288	0.00479
0.00290	0.00476
0.00293	0.00476
0.00295	0.00470
0.00297	0.00446
0.00299	0.00415
0.00302	0.00421
0.00304	0.00415
0.00306	0.00400
0.00308	0.00397
0.00311	0.00400
0.00313	0.00406
0.00315	0.00388
0.00317	0.00385
0.00320	0.00391
0.00322	0.00388
0.00324	0.00394
0.00327	0.00385
0.00329	0.00388
0.00331	0.00388
0.00333	0.00372
0.00336	0.00391
0.00338	0.00388
0.00340	0.00400
0.00342	0.00403
0.00345	0.00400
0.00347	0.00436
0.00349	0.00443
0.00351	0.00443
0.00354	0.00455
0.00356	0.00467
0.00358	0.00500
0.00361	0.00516
0.00363	0.00516
0.00365	0.00516
0.00367	0.00540
0.00370	0.00546
0.00372	0.00546
0.00374	0.00534
0.00376	0.00543
0.00379	0.00565
0.00381	0.00562
0.00383	0.00552
0.00385	0.00562
0.00388	0.00555
0.00390	0.00562
0.00392	0.00580
0.00395	0.00580
0.00397	0.00592
0.00399	0.00604
0.00401	0.00595
0.00404	0.00607
0.00406	0.00629
0.00408	0.00653
0.00410	0.00674
0.00413	0.00677
0.00415	0.00687
0.00417	0.00720
0.00420	0.00735
0.00422	0.00732
0.00424	0.00760
0.00426	0.00751
0.00429	0.00739
0.00431	0.00766
0.00433	0.00745
0.00435	0.00754
0.00438	0.00748
0.00440	0.00739
0.00442	0.00769
0.00444	0.00778
0.00447	0.00806
0.00449	0.00812
0.00451	0.00806
0.00454	0.00806
0.00456	0.00836
0.00458	0.00861
0.00460	0.00870
0.00463	0.00879
0.00465	0.00882
0.00467	0.00903
0.00469	0.00897
0.00472	0.00897
0.00474	0.00925
0.00476	0.00897
0.00478	0.00928
0.00481	0.00934
0.00483	0.00919
0.00485	0.00940
0.00488	0.00952
0.00490	0.00958
0.00492	0.00952
0.00494	0.00961
0.00497	0.00943
0.00499	0.00967
0.00501	0.00989
0.00503	0.01028
0.00506	0.01031
0.00508	0.01050
0.00510	0.01065
0.00512	0.01056
0.00515	0.01089
0.00517	0.01123
0.00519	0.01126
0.00522	0.01138
0.00524	0.01157
0.00526	0.01166
0.00528	0.01184
0.00531	0.01190
0.00533	0.01224
0.00535	0.01218
0.00537	0.01239
0.00540	0.01242
0.00542	0.01260
0.00544	0.01263
0.00546	0.01297
0.00549	0.01340
0.00551	0.01376
0.00553	0.01425
0.00556	0.01434
0.00558	0.01465
0.00560	0.01474
0.00562	0.01511
0.00565	0.01550
0.00567	0.01572
0.00569	0.01611
0.00571	0.01666
0.00574	0.01730
0.00576	0.01773
0.00578	0.01782
0.00580	0.01846
0.00583	0.01865
0.00585	0.01962
0.00587	0.01996
0.00590	0.02139
0.00592	0.02148
0.00594	0.02295
0.00596	0.02310
0.00599	0.02527
0.00601	0.02643
0.00603	0.02911
0.00605	0.03204
0.00608	0.03531
0.00610	0.04221
0.00612	0.04718
0.00615	0.06296
0.00617	0.07327
0.00619	0.10837
0.00621	0.13226
0.00624	0.20453
0.00626	0.24561
0.00628	0.39520
0.00630	0.47729
0.00633	0.54196
0.00635	-0.14764
0.00637	-0.62491
0.00639	0.05722
0.00642	0.59229
0.00644	0.20670
0.00646	-0.49921
0.00649	-0.48529
0.00651	-0.37653
0.00653	0.28339
0.00655	0.22803
0.00658	-0.47803
0.00660	-0.50815
0.00662	-0.48468
0.00664	-0.53860
0.00667	0.00967
0.00669	0.62341
0.00671	-0.30823
0.00673	-0.48022
0.00676	-0.57617
0.00678	-0.19922
0.00680	0.53278
0.00683	0.52521
0.00685	0.21506
0.00687	-0.54898
0.00689	-0.48608
0.00692	0.14462
0.00694	0.66840
0.00696	0.04282
0.00698	-0.50974
0.00701	-0.53955
0.00703	-0.11673
0.00705	0.61032
0.00707	0.36096
0.00710	-0.37296
0.00712	-0.58499
0.00714	-0.28671
0.00717	0.47760
0.00719	0.50092
0.00721	0.50610
0.00723	0.45529
0.00726	-0.31705
0.00728	-0.59125
0.00730	0.13174
0.00732	0.55081
0.00735	0.48621
0.00737	0.18625
0.00739	0.32166
0.00741	0.57904
0.00744	0.34592
0.00746	-0.43201
0.00748	-0.51733
0.00751	-0.49429
0.00753	-0.49692
0.00755	-0.47775
0.00757	-0.41663
0.00760	0.39349
0.00762	0.54358
0.00764	0.36121
0.00766	-0.47888
0.00769	-0.47900
0.00771	-0.53543
0.00773	-0.04916
0.00776	0.17548
0.00778	-0.28906
0.00780	-0.54666
0.00782	-0.38977
0.00785	0.32681
0.00787	0.60858
0.00789	0.15182
0.00791	-0.50345
0.00794	-0.53491
0.00796	-0.30624
0.00798	0.48602
0.00800	0.50140
0.00803	0.44800
0.00805	-0.32245
0.00807	-0.52570
0.00810	-0.50189
0.00812	-0.10391
0.00814	0.19427
0.00816	-0.38159
0.00819	-0.50607
0.00821	0.11118
0.00823	0.55612
0.00825	0.24670
0.00828	-0.31271
0.00830	-0.51086
0.00832	-0.50797
0.00834	-0.22601
0.00837	0.02042
0.00839	-0.10376
0.00841	-0.36270
0.00844	0.11023
0.00846	0.47894
0.00848	0.56195
0.00850	0.17819
0.00853	-0.52246
0.00855	-0.50974
0.00857	-0.37659
0.00859	0.43347
0.00862	0.50824
0.00864	0.01297
0.00866	-0.49033
0.00868	-0.49173
0.00871	-0.49585
0.00873	0.01099
0.00875	0.39639
0.00878	0.20026
0.00880	-0.05954
0.00882	-0.37973
0.00884	-0.35577
0.00887	-0.25519
0.00889	-0.05023
0.00891	-0.26157
0.00893	-0.49261
0.00896	-0.53046
0.00898	-0.24451
0.00900	0.45764
0.00902	0.49066
0.00905	0.51389
0.00907	0.45544
0.00909	0.10269
0.00912	-0.07703
0.00914	0.02844
0.00916	-0.15955
0.00918	-0.47614
0.00921	-0.51440
0.00923	-0.40302
0.00925	-0.22928
0.00927	-0.07062
0.00930	0.29019
0.00932	0.42050
0.00934	0.17105
0.00937	-0.16315
0.00939	-0.17844
0.00941	0.04437
0.00943	-0.02280
0.00946	-0.41266
0.00948	-0.50076
0.00950	-0.50861
0.00952	-0.33133
0.00955	-0.02451
0.00957	0.30878
0.00959	0.50284
0.00961	0.50778
0.00964	0.29684
0.00966	-0.02383
0.00968	-0.17078
0.00971	-0.46750
0.00973	-0.50134
0.00975	-0.50427
0.00977	-0.45590
0.00980	-0.09854
0.00982	0.20917
0.00984	0.41125
0.00986	0.46579
0.00989	0.44827
0.00991	0.37027
0.00993	0.20444
0.00995	-0.20065
0.00998	-0.52393
0.01000	-0.47885
0.01002	-0.52356
0.01005	-0.14105
0.01007	0.30206
0.01009	0.25302
0.01011	0.05179
0.01014	0.03445
0.01016	0.10562
0.01018	0.02997
0.01020	-0.10623
0.01023	-0.41040
0.01025	-0.50299
0.01027	-0.50919
0.01029	-0.31473
0.01032	0.20651
0.01034	0.47888
0.01036	0.48538
0.01039	0.32074
0.01041	0.23026
0.01043	0.30048
0.01045	0.35046
0.01048	-0.16687
0.01050	-0.54001
0.01052	-0.47421
0.01054	-0.52481
0.01057	-0.32651
0.01059	-0.06873
0.01061	0.13312
0.01063	0.33832
0.01066	0.34308
0.01068	0.15320
0.01070	-0.07541
0.01073	-0.34756
0.01075	-0.44775
0.01077	-0.31525
0.01079	-0.24536
0.01082	-0.27197
0.01084	-0.20441
0.01086	-0.08847
0.01088	0.06067
0.01091	0.15085
0.01093	0.37717
0.01095	0.49387
0.01098	0.51337
0.01100	0.10950
0.01102	-0.48996
0.01104	-0.48877
0.01107	-0.50995
0.01109	-0.19193
0.01111	0.17896
0.01113	0.22308
0.01116	0.01239
0.01118	-0.29462
0.01120	-0.43112
0.01122	-0.33774
0.01125	-0.03644
0.01127	0.15479
0.01129	0.15164
0.01132	-0.02139
0.01134	-0.19824
0.01136	-0.26776
0.01138	-0.26752
0.01141	-0.16974
0.01143	-0.07788
0.01145	0.00659
0.01147	0.08765
0.01150	0.10126
0.01152	0.11987
0.01154	0.10767
0.01156	0.00977
0.01159	-0.20218
0.01161	-0.46619
0.01163	-0.41193
0.01166	-0.17529
0.01168	-0.00171
0.01170	0.19794
0.01172	0.31558
0.01175	0.20517
0.01177	0.06259
0.01179	0.00375
0.01181	-0.19189
0.01184	-0.42032
0.01186	-0.47455
0.01188	-0.29736
0.01190	-0.06854
0.01193	-0.14182
0.01195	-0.18430
0.01197	-0.08832
0.01200	-0.14038
0.01202	-0.11475
0.01204	0.08286
0.01206	0.21078
0.01209	0.15430
0.01211	-0.02097
0.01213	-0.14847
0.01215	-0.16052
0.01218	-0.09540
0.01220	-0.04605
0.01222	-0.07379
0.01224	-0.05588
0.01227	0.12015
0.01229	0.25787
0.01231	0.20209
0.01234	0.05984
0.01236	-0.10666
0.01238	-0.22308
0.01240	-0.25055
0.01243	-0.29904
0.01245	-0.32538
0.01247	-0.31238
0.01249	-0.29813
0.01252	-0.22116
0.01254	-0.03082
0.01256	0.14893
0.01259	0.19626
0.01261	0.07501
0.01263	-0.10190
0.01265	-0.19217
0.01268	-0.11847
0.01270	0.12943
0.01272	0.29437
0.01274	0.13596
0.01277	-0.16803
0.01279	-0.31433
0.01281	-0.29507
0.01283	-0.13132
0.01286	0.05832
0.01288	0.22620
0.01290	0.40149
0.01293	0.42688
0.01295	0.22809
0.01297	-0.12537
0.01299	-0.36639
0.01302	-0.34189
0.01304	-0.30832
0.01306	-0.23621
0.01308	-0.13779
0.01311	-0.23669
0.01313	-0.37073
0.01315	-0.31799
0.01317	-0.10312
0.01320	0.03970
0.01322	0.01175
0.01324	-0.00323
0.01327	0.07468
0.01329	0.09415
0.01331	-0.01965
0.01333	-0.11575
0.01336	-0.06125
0.01338	0.02560
0.01340	-0.00095
0.01342	-0.05176
0.01345	0.00702
0.01347	0.04538
0.01349	0.03601
0.01351	0.10928
0.01354	0.14273
0.01356	0.00116
0.01358	-0.24097
0.01361	-0.36017
0.01363	-0.17798
0.01365	0.04877
0.01367	0.08441
0.01370	0.07254
0.01372	0.08810
0.01374	-0.06027
0.01376	-0.37354
0.01379	-0.51807
0.01381	-0.31799
0.01383	-0.04190
0.01385	-0.08414
0.01388	-0.28943
0.01390	-0.32748
0.01392	-0.13330
0.01395	0.10233
0.01397	0.21960
0.01399	0.19907
0.01401	0.01459
0.01404	-0.17096
0.01406	-0.12329
0.01408	-0.01099
0.01410	-0.04486
0.01413	-0.09729
0.01415	-0.04980
0.01417	0.02994
0.01420	0.05014
0.01422	0.02072
0.01424	-0.03925
0.01426	-0.09854
0.01429	-0.09644
0.01431	-0.08737
0.01433	-0.23428
0.01435	-0.38278
0.01438	-0.32428
0.01440	-0.18512
0.01442	-0.03909
0.01444	0.08960
0.01447	0.12161
0.01449	0.05392
0.01451	-0.06140
0.01454	-0.06888
0.01456	0.07452
0.01458	0.14752
0.01460	0.03833
0.01463	-0.09781
0.01465	-0.15479
0.01467	-0.20145
0.01469	-0.16370
0.01472	-0.00876
0.01474	0.07874
0.01476	0.06229
0.01478	0.08698
0.01481	0.14713
0.01483	0.06934
0.01485	-0.15860
0.01488	-0.35889
0.01490	-0.39703
0.01492	-0.23996
0.01494	-0.04578
0.01497	-0.01041
0.01499	-0.10928
0.01501	-0.19275
0.01503	-0.11899
0.01506	0.02750
0.01508	0.06607
0.01510	0.02188
0.01512	-0.02844
0.01515	-0.09198
0.01517	-0.13196
0.01519	-0.16586
0.01522	-0.23157
0.01524	-0.22183
0.01526	-0.06934
0.01528	0.12164
0.01531	0.18375
0.01533	0.08926
0.01535	0.02737
0.01537	0.07666
0.01540	0.08237
0.01542	0.02063
0.01544	-0.03287
0.01546	-0.09326
0.01549	-0.11832
0.01551	-0.10159
0.01553	-0.10791
0.01556	-0.17090
0.01558	-0.13727
0.01560	0.04202
0.01562	0.11462
0.01565	0.03625
0.01567	-0.06540
0.01569	-0.17639
0.01571	-0.30032
0.01574	-0.30930
0.01576	-0.17032
0.01578	-0.10956
0.01580	-0.14673
0.01583	-0.08365
0.01585	0.03049
0.01587	0.08514
0.01590	0.11765
0.01592	0.09018
0.01594	-0.08426
0.01596	-0.22086
0.01599	-0.12277
0.01601	0.04102
0.01603	0.07358
0.01605	-0.04074
0.01608	-0.09769
0.01610	-0.00116
0.01612	0.11075
0.01615	0.17154
0.01617	0.13696
0.01619	0.01819
0.01621	-0.09003
0.01624	-0.10153
0.01626	-0.07977
0.01628	-0.15033
0.01630	-0.26218
0.01633	-0.25104
0.01635	-0.13629
0.01637	-0.01843
0.01639	0.08728
0.01642	0.10257
0.01644	0.01523
0.01646	-0.07401
0.01649	-0.15265
0.01651	-0.21597
0.01653	-0.17825
0.01655	-0.08725
0.01658	-0.03336
0.01660	-0.04898
0.01662	-0.10968
0.01664	-0.07187
0.01667	0.06915
0.01669	0.17990
0.01671	0.23428
0.01673	0.16544
0.01676	-0.07419
0.01678	-0.25320
0.01680	-0.19437
0.01683	-0.07288
0.01685	-0.10150
0.01687	-0.21301
0.01689	-0.17279
0.01692	-0.01379
0.01694	0.09012
0.01696	0.12903
0.01698	0.12119
0.01701	0.08966
0.01703	0.04272
0.01705	-0.07254
0.01707	-0.23099
0.01710	-0.29947
0.01712	-0.19305
0.01714	0.00421
0.01717	0.05865
0.01719	-0.08795
0.01721	-0.24179
0.01723	-0.28748
0.01726	-0.34018
0.01728	-0.30429
0.01730	-0.01797
0.01732	0.18372
0.01735	0.12531
0.01737	0.05261
0.01739	0.14496
0.01741	0.19949
0.01744	0.07751
0.01746	-0.02930
0.01748	-0.06232
0.01751	-0.11703
0.01753	-0.21448
0.01755	-0.29266
0.01757	-0.22968
0.01760	-0.09036
0.01762	-0.03610
0.01764	-0.01962
0.01766	0.02454
0.01769	0.04938
0.01771	0.06229
0.01773	0.04727
0.01776	-0.02585
0.01778	-0.09366
0.01780	-0.12204
0.01782	-0.10962
0.01785	-0.08578
0.01787	-0.06134
0.01789	-0.00839
0.01791	-0.01840
0.01794	-0.08676
0.01796	-0.10321
0.01798	-0.08560
0.01800	-0.06335
0.01803	-0.07404
0.01805	-0.10941
0.01807	-0.05237
0.01810	0.04132
0.01812	0.04895
0.01814	0.00760
0.01816	-0.01575
0.01819	0.02417
0.01821	0.05862
0.01823	-0.01236
0.01825	0.08478
0.01828	0.31061
0.01830	0.26093
0.01832	-0.23615
0.01834	-0.53140
0.01837	-0.47629
0.01839	-0.52185
0.01841	-0.12717
0.01844	0.23505
0.01846	0.28308
0.01848	0.38544
0.01850	0.49261
0.01853	0.42847
0.01855	0.09042
0.01857	-0.17963
0.01859	-0.18317
0.01862	-0.25903
0.01864	-0.47629
0.01866	-0.50299
0.01868	-0.46851
0.01871	0.01660
0.01873	0.45386
0.01875	0.51056
0.01878	0.42270
0.01880	0.10602
0.01882	-0.08496
0.01884	-0.15390
0.01887	-0.29041
0.01889	-0.39835
0.01891	-0.31766
0.01893	-0.28134
0.01896	-0.29547
0.01898	-0.19275
0.01900	-0.01175
0.01902	0.15457
0.01905	0.20837
0.01907	0.16397
0.01909	0.10916
0.01912	0.02856
0.01914	-0.07144
0.01916	-0.19550
0.01918	-0.30170
0.01921	-0.25092
0.01923	-0.17023
0.01925	-0.13483
0.01927	0.00671
0.01930	0.20615
0.01932	0.33215
0.01934	0.33386
0.01937	0.22522
0.01939	0.15326
0.01941	0.11111
0.01943	-0.07196
0.01946	-0.43558
0.01948	-0.50934
0.01950	-0.49835
0.01952	-0.46191
0.01955	0.12796
0.01957	0.48111
0.01959	0.40567
0.01961	0.27390
0.01964	0.19510
0.01966	0.07657
0.01968	-0.23010
0.01971	-0.48129
0.01973	-0.46002
0.01975	-0.30557
0.01977	-0.19281
0.01980	-0.08670
0.01982	0.08057
0.01984	0.30624
0.01986	0.44934
0.01989	0.39432
0.01991	0.15887
0.01993	-0.05670
0.01995	-0.17752
0.01998	-0.28436
0.02000	-0.36758
0.02002	-0.33115
0.02005	-0.12521
0.02007	0.04211
0.02009	0.01575
0.02011	-0.05603
0.02014	-0.03287
0.02016	0.05161
0.02018	0.06128
0.02020	-0.02191
0.02023	-0.06680
0.02025	-0.08157
0.02027	-0.14410
0.02029	-0.21393
0.02032	-0.23624
0.02034	-0.19223
0.02036	-0.08572
0.02039	0.04691
0.02041	0.17078
0.02043	0.23825
0.02045	0.20840
0.02048	0.10934
0.02050	-0.00519
0.02052	-0.12045
0.02054	-0.21695
0.02057	-0.27939
0.02059	-0.29727
0.02061	-0.19647
0.02063	0.00620
0.02066	0.14188
0.02068	0.13956
0.02070	0.05557
0.02073	-0.04932
0.02075	-0.11548
0.02077	-0.14899
0.02079	-0.21179
0.02082	-0.27417
0.02084	-0.24704
0.02086	-0.11682
0.02088	0.01910
0.02091	0.08069
0.02093	0.06238
0.02095	-0.00674
0.02098	-0.00708
0.02100	0.11243
0.02102	0.18539
0.02104	0.12094
0.02107	-0.00909
0.02109	-0.09122
0.02111	-0.09451
0.02113	-0.06412
0.02116	-0.01947
0.02118	-0.00208
0.02120	-0.01865
0.02122	-0.04565
0.02125	-0.04218
0.02127	0.01227
0.02129	0.02975
0.02132	-0.02429
0.02134	-0.14276
0.02136	-0.24860
0.02138	-0.21863
0.02141	-0.11572
0.02143	-0.07666
0.02145	-0.05457
0.02147	-0.02591
0.02150	-0.04111
0.02152	-0.26022
0.02154	-0.47919
0.02156	-0.50757
0.02159	-0.41144
0.02161	-0.07043
0.02163	0.20493
0.02166	0.23517
0.02168	0.11151
0.02170	-0.00009
0.02172	0.02692
0.02175	0.11850
0.02177	0.16336
0.02179	0.14911
0.02181	0.07004
0.02184	-0.01294
0.02186	-0.08142
0.02188	-0.24353
0.02190	-0.47162
0.02193	-0.49820
0.02195	-0.50964
0.02197	-0.35318
0.02200	-0.08878
0.02202	-0.01263
0.02204	0.11697
0.02206	0.29495
0.02209	0.39926
0.02211	0.33704
0.02213	0.16147
0.02215	0.03467
0.02218	0.02304
0.02220	-0.00812
0.02222	-0.13281
0.02224	-0.34799
0.02227	-0.43918
0.02229	-0.22394
0.02231	0.09540
0.02234	0.30139
0.02236	0.33084
0.02238	0.18918
0.02240	0.02521
0.02243	-0.02740
0.02245	-0.01489
0.02247	-0.03885
0.02249	-0.11108
0.02252	-0.12820
0.02254	-0.07538
0.02256	-0.05664
0.02259	-0.12842
0.02261	-0.31174
0.02263	-0.44904
0.02265	-0.28973
0.02268	0.03903
0.02270	0.21255
0.02272	0.11224
0.02274	-0.08786
0.02277	-0.10687
0.02279	0.01260
0.02281	0.07584
0.02283	0.02396
0.02286	-0.06342
0.02288	-0.06635
0.02290	0.01318
0.02293	0.06912
0.02295	0.03555
0.02297	0.00873
0.02299	0.04510
0.02302	0.08163
0.02304	0.10370
0.02306	0.06808
0.02308	-0.05194
0.02311	-0.16232
0.02313	-0.17447
0.02315	-0.12079
0.02317	-0.06497
0.02320	-0.00778
0.02322	0.04684
0.02324	0.02963
0.02327	-0.11819
0.02329	-0.27423
0.02331	-0.32745
0.02333	-0.27475
0.02336	-0.13138
0.02338	-0.00735
0.02340	0.02426
0.02342	-0.01025
0.02345	-0.02142
0.02347	0.08612
0.02349	0.20694
0.02351	0.17773
0.02354	0.05228
0.02356	-0.04221
0.02358	-0.04343
0.02361	-0.00946
0.02363	-0.07214
0.02365	-0.19693
0.02367	-0.22958
0.02370	-0.13702
0.02372	-0.01584
0.02374	0.03024
0.02376	-0.00638
0.02379	-0.01978
0.02381	0.04465
0.02383	0.08566
0.02385	0.02466
0.02388	-0.10818
0.02390	-0.26721
0.02392	-0.37601
0.02395	-0.35849
0.02397	-0.21829
0.02399	-0.06100
0.02401	0.02667
0.02404	0.09421
0.02406	0.16409
0.02408	0.16095
0.02410	0.06754
0.02413	-0.04703
0.02415	-0.08823
0.02417	-0.05084
0.02420	-0.01935
0.02422	-0.02917
0.02424	-0.07526
0.02426	-0.14862
0.02429	-0.15738
0.02431	-0.05142
0.02433	0.07809
0.02435	0.13867
0.02438	0.12079
0.02440	0.06778
0.02442	-0.02118
0.02444	-0.15738
0.02447	-0.22656
0.02449	-0.15613
0.02451	-0.03583
0.02454	0.02765
0.02456	-0.01175
0.02458	-0.05884
0.02460	-0.02859
0.02463	0.01056
0.02465	0.05142
0.02467	0.10001
0.02469	0.07083
0.02472	-0.02747
0.02474	-0.10065
0.02476	-0.13348
0.02478	-0.17484
0.02481	-0.16083
0.02483	-0.01562
0.02485	0.12878
0.02488	0.13364
0.02490	0.04663
0.02492	-0.01581
0.02494	-0.01672
0.02497	0.00089
0.02499	-0.03192
0.02501	-0.15137
0.02503	-0.23441
0.02506	-0.18030
0.02508	-0.08481
0.02510	-0.03412
0.02512	-0.02521
0.02515	-0.01685
0.02517	0.00095
0.02519	0.00018
0.02522	-0.00882
0.02524	0.00531
0.02526	0.03586
0.02528	0.01663
0.02531	-0.06573
0.02533	-0.09784
0.02535	-0.01541
0.02537	0.07605
0.02540	0.07709
0.02542	0.02277
0.02544	-0.01169
0.02546	0.00198
0.02549	0.02057
0.02551	0.00412
0.02553	-0.02866
0.02556	-0.04019
0.02558	-0.05893
0.02560	-0.12195
0.02562	-0.15564
0.02565	-0.10870
0.02567	-0.06897
0.02569	-0.08224
0.02571	-0.08499
0.02574	-0.05020
0.02576	-0.02698
0.02578	-0.02927
0.02580	-0.01669
0.02583	0.03687
0.02585	0.06586
0.02587	0.00919
0.02590	-0.06256
0.02592	-0.07471
0.02594	-0.04816
0.02596	0.00778
0.02599	0.07263
0.02601	0.09634
0.02603	0.05798
0.02605	-0.01352
0.02608	-0.05215
0.02610	-0.04425
0.02612	-0.00833
0.02615	0.03476
0.02617	0.05862
0.02619	0.04480
0.02621	-0.01904
0.02624	-0.09521
0.02626	-0.11572
0.02628	-0.08783
0.02630	-0.06683
0.02633	-0.06064
0.02635	-0.04605
0.02637	-0.01465
0.02639	-0.01825
0.02642	-0.05554
0.02644	-0.06506
0.02646	-0.05359
0.02649	-0.05331
0.02651	-0.08591
0.02653	-0.11795
0.02655	-0.07953
0.02658	-0.01025
0.02660	0.02884
0.02662	0.02991
0.02664	-0.00168
0.02667	-0.01984
0.02669	0.00821
0.02671	0.04047
0.02673	0.02469
0.02676	-0.02496
0.02678	-0.05600
0.02680	-0.05502
0.02683	-0.04202
0.02685	-0.02899
0.02687	-0.02563
0.02689	-0.02469
0.02692	-0.00116
0.02694	0.02850
0.02696	0.05399
0.02698	0.07556
0.02701	0.04599
0.02703	-0.04593
0.02705	-0.13092
0.02707	-0.16385
0.02710	-0.13623
0.02712	-0.07816
0.02714	-0.04153
0.02717	-0.04382
0.02719	-0.07288
0.02721	-0.08334
0.02723	-0.04102
0.02726	0.01727
0.02728	0.05750
0.02730	0.04846
0.02732	-0.02777
0.02735	-0.09937
0.02737	-0.10992
0.02739	-0.07877
0.02741	-0.03183
0.02744	0.00333
0.02746	0.01672
0.02748	0.03867
0.02751	0.07126
0.02753	0.07336
0.02755	0.01352
0.02757	-0.04767
0.02760	-0.05078
0.02762	-0.03149
0.02764	-0.01489
0.02766	0.01782
0.02769	0.03549
0.02771	0.01321
0.02773	-0.01639
0.02776	-0.04138
0.02778	-0.03680
0.02780	-0.01559
0.02782	-0.01831
0.02785	-0.04062
0.02787	-0.07025
0.02789	-0.08978
0.02791	-0.08047
0.02794	-0.06464
0.02796	-0.05685
0.02798	-0.05252
0.02800	-0.03806
0.02803	0.03348
0.02805	0.12469
0.02807	0.12753
0.02810	0.02411
0.02812	-0.07254
0.02814	-0.07812
0.02816	-0.03827
0.02819	-0.01202
0.02821	-0.00400
0.02823	-0.01251
0.02825	-0.02472
0.02828	0.00388
0.02830	0.07977
0.02832	0.12131
0.02834	0.07425
0.02837	-0.01651
0.02839	-0.08221
0.02841	-0.11386
0.02844	-0.12094
0.02846	-0.09955
0.02848	-0.08191
0.02850	-0.08105
0.02853	-0.06525
0.02855	-0.01489
0.02857	0.05176
0.02859	0.08762
0.02862	0.07703
0.02864	0.05917
0.02866	0.03766
0.02868	-0.00873
0.02871	-0.06314
0.02873	-0.08469
0.02875	-0.06473
0.02878	-0.03992
0.02880	-0.01703
0.02882	0.02847
0.02884	0.08282
0.02887	0.09021
0.02889	0.04404
0.02891	0.00742
0.02893	-0.00217
0.02896	-0.02057
0.02898	-0.04892
0.02900	-0.09021
0.02902	-0.14252
0.02905	-0.16620
0.02907	-0.12701
0.02909	-0.05774
0.02912	-0.02527
0.02914	0.00009
0.02916	0.06741
0.02918	0.11691
0.02921	0.08340
0.02923	-0.01694
0.02925	-0.08893
0.02927	-0.10239
0.02930	-0.12192
0.02932	-0.09225
0.02934	0.02472
0.02937	0.10324
0.02939	0.07330
0.02941	0.01727
0.02943	0.03589
0.02946	0.10544
0.02948	0.10791
0.02950	0.00943
0.02952	-0.09290
0.02955	-0.13333
0.02957	-0.11313
0.02959	-0.08237
0.02961	-0.08734
0.02964	-0.07639
0.02966	-0.04474
0.02968	-0.03793
0.02971	-0.02246
0.02973	0.01581
0.02975	0.01849
0.02977	-0.02518
0.02980	-0.06055
0.02982	-0.06934
0.02984	-0.07184
0.02986	-0.06668
0.02989	-0.04413
0.02991	-0.02460
0.02993	-0.02176
0.02995	0.01907
0.02998	0.08325
0.03000	0.08002
0.03002	0.04861
0.03005	0.05350
0.03007	0.03738
0.03009	-0.02365
0.03011	-0.06735
0.03014	-0.06085
0.03016	-0.02332
0.03018	0.00732
0.03020	0.01245
0.03023	-0.01355
0.03025	-0.05496
0.03027	-0.05618
0.03029	-0.01315
0.03032	0.04285
0.03034	0.07358
0.03036	0.01254
0.03039	-0.11426
0.03041	-0.15466
0.03043	-0.05399
0.03045	0.03506
0.03048	-0.01636
0.03050	-0.10962
0.03052	-0.08234
0.03054	0.03467
0.03057	0.10101
0.03059	0.06961
0.03061	0.02478
0.03063	0.04651
0.03066	0.07693
0.03068	0.01331
0.03070	-0.10754
0.03073	-0.14206
0.03075	-0.04016
0.03077	0.07654
0.03079	0.07040
0.03082	-0.03842
0.03084	-0.11374
0.03086	-0.09262
0.03088	-0.03778
0.03091	-0.02429
0.03093	-0.04337
0.03095	-0.02005
0.03098	0.03372
0.03100	0.04361
0.03102	0.00095
0.03104	-0.06262
0.03107	-0.09540
0.03109	-0.07547
0.03111	-0.02890
0.03113	0.02875
0.03116	0.05908
0.03118	0.03989
0.03120	-0.00131
0.03122	-0.03345
0.03125	-0.00314
0.03127	0.06122
0.03129	0.04791
0.03132	-0.01987
0.03134	-0.03427
0.03136	0.00229
0.03138	0.00500
0.03141	-0.03625
0.03143	-0.05203
0.03145	-0.02139
0.03147	0.01236
0.03150	0.00562
0.03152	-0.04568
0.03154	-0.08694
0.03156	-0.05896
0.03159	-0.00839
0.03161	-0.00708
0.03163	-0.01279
0.03166	0.02969
0.03168	0.08096
0.03170	0.07593
0.03172	0.02328
0.03175	-0.00745
0.03177	0.00366
0.03179	0.00421
0.03181	-0.02893
0.03184	-0.04205
0.03186	-0.00311
0.03188	0.04184
0.03190	0.05145
0.03193	0.03082
0.03195	-0.00482
0.03197	-0.02808
0.03200	-0.03430
0.03202	-0.04831
0.03204	-0.06943
0.03206	-0.06717
0.03209	-0.02832
0.03211	0.00021
0.03213	-0.03201
0.03215	-0.09326
0.03218	-0.10529
0.03220	-0.04340
0.03222	0.04333
0.03224	0.07901
0.03227	0.04636
0.03229	0.00150
0.03231	-0.01923
0.03234	-0.01434
0.03236	0.00827
0.03238	0.01117
0.03240	-0.02820
0.03243	-0.05664
0.03245	-0.02414
0.03247	0.02521
0.03249	0.01157
0.03252	-0.02631
0.03254	-0.00171
0.03256	0.03992
0.03259	0.02933
0.03261	-0.02219
0.03263	-0.06900
0.03265	-0.06799
0.03268	-0.01974
0.03270	0.02530
0.03272	0.02518
0.03274	-0.00888
0.03277	-0.04510
0.03279	-0.06042
0.03281	-0.04028
0.03283	0.00195
0.03286	0.02374
0.03288	0.01440
0.03290	-0.00290
0.03293	-0.00775
0.03295	0.01416
0.03297	0.04883
0.03299	0.05032
0.03302	-0.00256
0.03304	-0.05716
0.03306	-0.05423
0.03308	-0.01324
0.03311	0.02353
0.03313	0.03110
0.03315	-0.01050
0.03317	-0.05298
0.03320	-0.04785
0.03322	-0.03897
0.03324	-0.04846
0.03327	-0.05283
0.03329	-0.04688
0.03331	-0.02014
0.03333	0.00955
0.03336	0.01230
0.03338	0.00223
0.03340	0.00433
0.03342	0.03781
0.03345	0.08136
0.03347	0.07098
0.03349	-0.00262
0.03351	-0.06653
0.03354	-0.07437
0.03356	-0.04407
0.03358	-0.01086
0.03361	-0.00632
0.03363	-0.02716
0.03365	-0.03082
0.03367	0.00616
0.03370	0.04398
0.03372	0.04477
0.03374	0.01758
0.03376	-0.01978
0.03379	-0.03873
0.03381	-0.01746
0.03383	0.00720
0.03385	-0.01114
0.03388	-0.04327
0.03390	-0.03476
0.03392	-0.00989
0.03395	0.00052
0.03397	0.01459
0.03399	0.02393
0.03401	0.01144
0.03404	-0.00513
0.03406	-0.00684
0.03408	-0.00104
0.03410	0.00015
0.03413	-0.01151
0.03415	-0.02487
0.03417	-0.01382
0.03420	0.00433
0.03422	0.01086
0.03424	0.01193
0.03426	-0.00641
0.03429	-0.03387
0.03431	-0.04895
0.03433	-0.05237
0.03435	-0.04968
0.03438	-0.05057
0.03440	-0.03613
0.03442	0.00751
0.03444	0.04715
0.03447	0.05975
0.03449	0.04425
0.03451	0.01389
0.03454	0.00259
0.03456	-0.00119
0.03458	-0.02740
0.03460	-0.04993
0.03463	-0.04956
0.03465	-0.02112
0.03467	0.02402
0.03469	0.03552
0.03472	0.01767
0.03474	0.01065
0.03476	0.01114
0.03478	0.00299
0.03481	-0.02512
0.03483	-0.05902
0.03485	-0.08069
0.03488	-0.09631
0.03490	-0.08133
0.03492	-0.03000
0.03494	0.01270
0.03497	0.03922
0.03499	0.05896
0.03501	0.05380
0.03503	0.01978
0.03506	-0.01321
0.03508	-0.00870
0.03510	0.01608
0.03512	0.00696
0.03515	-0.01431
0.03517	0.00186
0.03519	0.02490
0.03522	0.01978
0.03524	0.00970
0.03526	0.02475
0.03528	0.03635
0.03531	0.00403
0.03533	-0.04745
0.03535	-0.06583
0.03537	-0.02588
0.03540	0.03574
0.03542	0.04227
0.03544	-0.01831
0.03546	-0.07312
0.03549	-0.06696
0.03551	-0.01733
0.03553	0.02563
0.03556	0.03726
0.03558	0.02072
0.03560	-0.01642
0.03562	-0.04456
0.03565	-0.03470
0.03567	-0.01559
0.03569	-0.02286
0.03571	-0.02954
0.03574	-0.00146
0.03576	0.03668
0.03578	0.05008
0.03580	0.03629
0.03583	0.02701
0.03585	0.03931
0.03587	0.02750
0.03590	-0.01566
0.03592	-0.04300
0.03594	-0.04343
0.03596	-0.03049
0.03599	-0.02338
0.03601	-0.03403
0.03603	-0.05463
0.03605	-0.05963
0.03608	-0.01593
0.03610	0.05908
0.03612	0.09088
0.03615	0.05817
0.03617	0.01624
0.03619	0.00333
0.03621	0.00220
0.03624	-0.01770
0.03626	-0.05145
0.03628	-0.05292
0.03630	-0.02213
0.03633	-0.01428
0.03635	-0.03049
0.03637	-0.03339
0.03639	-0.01035
0.03642	0.02740
0.03644	0.06140
0.03646	0.06970
0.03649	0.03760
0.03651	-0.01990
0.03653	-0.07278
0.03655	-0.10077
0.03658	-0.08450
0.03660	-0.02930
0.03662	0.01480
0.03664	0.00687
0.03667	-0.01361
0.03669	0.00525
0.03671	0.02884
0.03673	0.01645
0.03676	-0.01965
0.03678	-0.03543
0.03680	-0.00525
0.03683	0.03525
0.03685	0.04333
0.03687	0.02148
0.03689	0.00842
0.03692	0.02216
0.03694	0.03604
0.03696	0.01843
0.03698	-0.03769
0.03701	-0.09189
0.03703	-0.08551
0.03705	-0.02667
0.03707	0.00995
0.03710	-0.00174
0.03712	-0.02072
0.03714	-0.01614
0.03717	0.01907
0.03719	0.05222
0.03721	0.04559
0.03723	0.02124
0.03726	-0.00674
0.03728	-0.04156
0.03730	-0.05801
0.03732	-0.05325
0.03735	-0.02740
0.03737	0.01697
0.03739	0.05832
0.03741	0.09561
0.03744	0.11749
0.03746	0.09915
0.03748	0.04831
0.03751	-0.01624
0.03753	-0.07471
0.03755	-0.10977
0.03757	-0.11975
0.03760	-0.08575
0.03762	-0.03387
0.03764	-0.01691
0.03766	0.00119
0.03769	0.05197
0.03771	0.08762
0.03773	0.07516
0.03776	0.01984
0.03778	-0.04764
0.03780	-0.08569
0.03782	-0.09103
0.03785	-0.08978
0.03787	-0.07910
0.03789	-0.02917
0.03791	0.04971
0.03794	0.11880
0.03796	0.15698
0.03798	0.14160
0.03800	0.06531
0.03803	-0.02866
0.03805	-0.08014
0.03807	-0.08661
0.03810	-0.08542
0.03812	-0.06787
0.03814	-0.02783
0.03816	0.01584
0.03819	0.05276
0.03821	0.06018
0.03823	0.03583
0.03825	0.01154
0.03828	0.00534
0.03830	0.00272
0.03832	-0.02643
0.03834	-0.07587
0.03837	-0.10608
0.03839	-0.10162
0.03841	-0.06696
0.03844	-0.01276
0.03846	0.03656
0.03848	0.07111
0.03850	0.09396
0.03853	0.10022
0.03855	0.07632
0.03857	0.02258
0.03859	-0.03720
0.03862	-0.09161
0.03864	-0.13077
0.03866	-0.12228
0.03868	-0.06357
0.03871	0.00397
0.03873	0.05215
0.03875	0.08542
0.03878	0.11163
0.03880	0.11307
0.03882	0.07614
0.03884	0.01486
0.03887	-0.04797
0.03889	-0.07922
0.03891	-0.07602
0.03893	-0.08102
0.03896	-0.10428
0.03898	-0.08804
0.03900	-0.00458
0.03902	0.08154
0.03905	0.10840
0.03907	0.07822
0.03909	0.03043
0.03912	-0.01285
0.03914	-0.04724
0.03916	-0.06308
0.03918	-0.06622
0.03921	-0.06540
0.03923	-0.04572
0.03925	0.00674
0.03927	0.05603
0.03930	0.06821
0.03932	0.06219
0.03934	0.05704
0.03937	0.05420
0.03939	0.04843
0.03941	0.02859
0.03943	-0.00800
0.03946	-0.04877
0.03948	-0.07553
0.03950	-0.09048
0.03952	-0.09244
0.03955	-0.06122
0.03957	-0.01080
0.03959	0.03082
0.03961	0.05829
0.03964	0.06958
0.03966	0.05994
0.03968	0.02374
0.03971	-0.03473
0.03973	-0.08771
0.03975	-0.10858
0.03977	-0.09955
0.03980	-0.06525
0.03982	0.00510
0.03984	0.08740
0.03986	0.13388
0.03989	0.13434
0.03991	0.10089
0.03993	0.05035
0.03995	0.00110
0.03998	-0.04584
0.04000	-0.09665
0.04002	-0.12869
0.04005	-0.10532
0.04007	-0.03091
0.04009	0.04950
0.04011	0.10214
0.04014	0.11053
0.04016	0.07602
0.04018	0.02582
0.04020	-0.00479
0.04023	-0.01544
0.04025	-0.03589
0.04027	-0.07755
0.04029	-0.11792
0.04032	-0.11569
0.04034	-0.06796
0.04036	-0.00180
0.04039	0.05231
0.04041	0.06808
0.04043	0.05905
0.04045	0.05542
0.04048	0.05518
0.04050	0.04529
0.04052	0.01761
0.04054	-0.02344
0.04057	-0.06158
0.04059	-0.08292
0.04061	-0.07449
0.04063	-0.02985
0.04066	0.03214
0.04068	0.08395
0.04070	0.10529
0.04073	0.08810
0.04075	0.06021
0.04077	0.04010
0.04079	0.00473
0.04082	-0.05811
0.04084	-0.12448
0.04086	-0.15793
0.04088	-0.13422
0.04091	-0.05521
0.04093	0.03619
0.04095	0.08908
0.04098	0.10370
0.04100	0.09955
0.04102	0.06912
0.04104	0.02173
0.04107	-0.01776
0.04109	-0.05118
0.04111	-0.07901
0.04113	-0.07700
0.04116	-0.04330
0.04118	-0.00302
0.04120	0.03333
0.04122	0.05856
0.04125	0.06998
0.04127	0.07822
0.04129	0.05795
0.04132	-0.00864
0.04134	-0.05756
0.04136	-0.04456
0.04138	-0.01804
0.04141	-0.02081
0.04143	-0.03342
0.04145	-0.02591
0.04147	0.00443
0.04150	0.02869
0.04152	0.02072
0.04154	0.00311
0.04156	0.00128
0.04159	0.00745
0.04161	0.00583
0.04163	-0.02026
0.04166	-0.05634
0.04168	-0.06396
0.04170	-0.03268
0.04172	0.00912
0.04175	0.02673
0.04177	0.02582
0.04179	0.03845
0.04181	0.06628
0.04184	0.08176
0.04186	0.07083
0.04188	0.03619
0.04190	-0.01361
0.04193	-0.05896
0.04195	-0.07913
0.04197	-0.05783
0.04200	-0.01392
0.04202	0.01733
0.04204	0.02838
0.04206	0.02380
0.04209	0.01562
0.04211	0.01813
0.04213	0.02350
0.04215	0.01050
0.04218	-0.02771
0.04220	-0.05768
0.04222	-0.03613
0.04224	0.00851
0.04227	0.01154
0.04229	-0.02228
0.04231	-0.04477
0.04234	-0.02225
0.04236	0.04639
0.04238	0.09048
0.04240	0.06104
0.04243	0.00208
0.04245	-0.02328
0.04247	-0.01056
0.04249	-0.00348
0.04252	-0.00891
0.04254	-0.00925
0.04256	0.00244
0.04259	0.01321
0.04261	-0.00229
0.04263	-0.01581
0.04265	0.00296
0.04268	0.02429
0.04270	0.02661
0.04272	0.02094
0.04274	0.02310
0.04277	0.02530
0.04279	0.01367
0.04281	-0.00781
0.04283	-0.03198
0.04286	-0.04364
0.04288	-0.03516
0.04290	-0.01749
0.04293	0.00671
0.04295	0.02716
0.04297	0.02710
0.04299	0.01874
0.04302	0.01425
0.04304	0.02509
0.04306	0.05225
0.04308	0.04587
0.04311	-0.00735
0.04313	-0.04312
0.04315	-0.03403
0.04317	-0.01367
0.04320	-0.00476
0.04322	-0.00287
0.04324	-0.00293
0.04327	0.00772
0.04329	0.03198
0.04331	0.04312
0.04333	0.02533
0.04336	0.01190
0.04338	0.02200
0.04340	0.00668
0.04342	-0.03812
0.04345	-0.06479
0.04347	-0.06360
0.04349	-0.02771
0.04351	0.02051
0.04354	0.04318
0.04356	0.05304
0.04358	0.05399
0.04361	0.03998
0.04363	0.01202
0.04365	-0.01697
0.04367	-0.00229
0.04370	0.02945
0.04372	0.01834
0.04374	-0.00610
0.04376	-0.02417
0.04379	-0.03082
0.04381	0.00681
0.04383	0.05972
0.04385	0.07846
0.04388	0.05951
0.04390	0.02206
0.04392	-0.00491
0.04395	-0.02631
0.04397	-0.05069
0.04399	-0.05499
0.04401	-0.04547
0.04404	-0.03677
0.04406	-0.02045
0.04408	0.00226
0.04410	0.03497
0.04413	0.06689
0.04415	0.06088
0.04417	0.02106
0.04420	-0.01907
0.04422	-0.04129
0.04424	-0.03275
0.04426	-0.00470
0.04429	0.01819
0.04431	0.02740
0.04433	0.02350
0.04435	0.02478
0.04438	0.03378
0.04440	0.02014
0.04442	-0.00848
0.04444	-0.01364
0.04447	0.00449
0.04449	0.03012
0.04451	0.04459
0.04454	0.03122
0.04456	0.01263
0.04458	0.00388
0.04460	-0.00302
0.04463	-0.01685
0.04465	-0.03931
0.04467	-0.04156
0.04469	-0.01898
0.04472	0.00058
0.04474	0.01929
0.04476	0.03494
0.04478	0.03665
0.04481	0.04437
0.04483	0.05865
0.04485	0.04065
0.04488	-0.01129
0.04490	-0.02344
0.04492	0.01553
0.04494	0.01093
0.04497	-0.04037
0.04499	-0.05011
0.04501	-0.02716
0.04503	-0.00739
0.04506	0.03424
0.04508	0.07379
0.04510	0.06223
0.04512	0.01886
0.04515	-0.01480
0.04517	-0.02130
0.04519	-0.00354
0.04522	0.00998
0.04524	0.01157
0.04526	0.01782
0.04528	0.02496
0.04531	0.03134
0.04533	0.03909
