
0.00000	0.06693
0.00002	0.07730
0.00005	0.06961
0.00007	0.04605
0.00009	0.01791
0.00011	-0.00162
0.00014	-0.01224
0.00016	-0.01724
0.00018	-0.02518
0.00020	-0.05008
0.00023	-0.08078
0.00025	-0.11819
0.00027	-0.14554
0.00029	-0.13501
0.00032	-0.11850
0.00034	-0.11908
0.00036	-0.12314
0.00039	-0.11005
0.00041	-0.07449
0.00043	-0.03821
0.00045	-0.00092
0.00048	0.01346
0.00050	-0.01965
0.00052	-0.07202
0.00054	-0.11850
0.00057	-0.11646
0.00059	-0.05679
0.00061	0.03116
0.00063	0.11978
0.00066	0.17075
0.00068	0.16956
0.00070	0.11856
0.00073	0.04370
0.00075	-0.01385
0.00077	-0.06238
0.00079	-0.14212
0.00082	-0.22116
0.00084	-0.22729
0.00086	-0.16190
0.00088	-0.04904
0.00091	0.08862
0.00093	0.20895
0.00095	0.27576
0.00098	0.25928
0.00100	0.14679
0.00102	-0.03009
0.00104	-0.15555
0.00107	-0.13248
0.00109	-0.02527
0.00111	0.04877
0.00113	0.05753
0.00116	0.05206
0.00118	0.04099
0.00120	0.00681
0.00122	-0.01172
0.00125	-0.00479
0.00127	0.04105
0.00129	0.05838
0.00132	-0.02246
0.00134	-0.08264
0.00136	-0.00726
0.00138	0.16107
0.00141	0.26300
0.00143	0.21652
0.00145	0.11484
0.00147	0.01804
0.00150	-0.09323
0.00152	-0.23373
0.00154	-0.34341
0.00156	-0.30237
0.00159	-0.16321
0.00161	-0.06808
0.00163	-0.05722
0.00166	-0.03244
0.00168	0.08472
0.00170	0.19016
0.00172	0.17914
0.00175	0.07156
0.00177	-0.00592
0.00179	0.01938
0.00181	0.05167
0.00184	-0.00037
0.00186	-0.09360
0.00188	-0.11218
0.00190	-0.04239
0.00193	0.00497
0.00195	-0.01828
0.00197	-0.03241
0.00200	-0.01144
0.00202	-0.03970
0.00204	-0.12964
0.00206	-0.17847
0.00209	-0.09653
0.00211	0.03662
0.00213	0.12955
0.00215	0.18918
0.00218	0.17429
0.00220	0.12225
0.00222	0.07581
0.00224	0.03223
0.00227	0.05606
0.00229	0.08362
0.00231	0.02328
0.00234	-0.10352
0.00236	-0.17365
0.00238	-0.06351
0.00240	0.06461
0.00243	0.07272
0.00245	0.06223
0.00247	0.07092
0.00249	0.06647
0.00252	0.03174
0.00254	-0.03320
0.00256	-0.06885
0.00259	-0.05936
0.00261	-0.07147
0.00263	-0.11188
0.00265	-0.13434
0.00268	-0.12030
0.00270	-0.11896
0.00272	-0.17203
0.00274	-0.19128
0.00277	-0.10648
0.00279	-0.01855
0.00281	-0.03104
0.00283	-0.07666
0.00286	-0.03775
0.00288	0.04153
0.00290	0.04712
0.00293	0.00217
0.00295	0.03015
0.00297	0.17621
0.00299	0.28323
0.00302	0.18594
0.00304	-0.04691
0.00306	-0.20471
0.00308	-0.14215
0.00311	-0.01477
0.00313	-0.08942
0.00315	-0.28479
0.00317	-0.34174
0.00320	-0.18823
0.00322	0.03943
0.00324	0.15491
0.00327	0.13745
0.00329	0.11356
0.00331	0.16183
0.00333	0.19138
0.00336	0.06927
0.00338	-0.11789
0.00340	-0.19394
0.00342	-0.09421
0.00345	0.08392
0.00347	0.13892
0.00349	0.04285
0.00351	-0.06723
0.00354	-0.07217
0.00356	-0.00363
0.00358	-0.00137
0.00361	-0.04599
0.00363	-0.03299
0.00365	0.02118
0.00367	0.07111
0.00370	0.10577
0.00372	0.16263
0.00374	0.25433
0.00376	0.29672
0.00379	0.21146
0.00381	-0.00433
0.00383	-0.20224
0.00385	-0.25662
0.00388	-0.27682
0.00390	-0.34143
0.00392	-0.32996
0.00395	-0.16119
0.00397	0.05960
0.00399	0.17114
0.00401	0.15933
0.00404	0.16574
0.00406	0.23386
0.00408	0.25153
0.00410	0.09155
0.00413	-0.15491
0.00415	-0.20477
0.00417	-0.04233
0.00420	0.07339
0.00422	-0.04724
0.00424	-0.23901
0.00426	-0.17334
0.00429	0.02609
0.00431	0.12140
0.00433	0.06076
0.00435	-0.08286
0.00438	-0.13605
0.00440	-0.13345
0.00442	-0.12759
0.00444	-0.10977
0.00447	-0.01080
0.00449	0.15143
0.00451	0.21512
0.00454	0.17404
0.00456	0.09628
0.00458	0.06345
0.00460	0.07745
0.00463	0.02032
0.00465	-0.07977
0.00467	-0.10910
0.00469	-0.09921
0.00472	-0.12692
0.00474	-0.16647
0.00476	-0.12030
0.00478	0.04138
0.00481	0.17062
0.00483	0.14987
0.00485	0.07538
0.00488	0.02808
0.00490	0.04385
0.00492	0.07043
0.00494	-0.01086
0.00497	-0.11862
0.00499	-0.20883
0.00501	-0.21588
0.00503	-0.14890
0.00506	-0.15094
0.00508	-0.12869
0.00510	-0.07141
0.00512	-0.00336
0.00515	0.08102
0.00517	0.09982
0.00519	0.05566
0.00522	0.01202
0.00524	0.02002
0.00526	0.04477
0.00528	0.08426
0.00531	0.13989
0.00533	0.12076
0.00535	0.08322
0.00537	0.06625
0.00540	0.00784
0.00542	-0.05771
0.00544	-0.10941
0.00546	-0.14590
0.00549	-0.16815
0.00551	-0.23483
0.00553	-0.23697
0.00556	-0.10394
0.00558	0.00281
0.00560	0.09601
0.00562	0.15469
0.00565	0.12024
0.00567	0.09442
0.00569	0.02057
0.00571	-0.06201
0.00574	-0.05011
0.00576	-0.03027
0.00578	0.01355
0.00580	0.02792
0.00583	-0.03564
0.00585	-0.06656
0.00587	-0.09900
0.00590	-0.11505
0.00592	-0.05768
0.00594	-0.01053
0.00596	0.00806
0.00599	0.02896
0.00601	0.07266
0.00603	0.14786
0.00605	0.22293
0.00608	0.24554
0.00610	0.21609
0.00612	0.12634
0.00615	-0.03262
0.00617	-0.16919
0.00619	-0.25919
0.00621	-0.30280
0.00624	-0.26334
0.00626	-0.18378
0.00628	-0.08401
0.00630	0.04434
0.00633	0.19330
0.00635	0.28384
0.00637	0.25009
0.00639	0.14819
0.00642	0.04816
0.00644	0.00769
0.00646	-0.00424
0.00649	-0.02289
0.00651	-0.05054
0.00653	-0.07211
0.00655	-0.04547
0.00658	-0.02698
0.00660	-0.00504
0.00662	0.03125
0.00664	0.04007
0.00667	0.02304
0.00669	-0.05984
0.00671	-0.14624
0.00673	-0.17770
0.00676	-0.17441
0.00678	-0.09399
0.00680	0.04550
0.00683	0.15231
0.00685	0.16556
0.00687	0.13098
0.00689	0.09924
0.00692	0.07434
0.00694	0.06696
0.00696	0.00046
0.00698	-0.12802
0.00701	-0.19711
0.00703	-0.18417
0.00705	-0.14380
0.00707	-0.08606
0.00710	-0.03937
0.00712	-0.00681
0.00714	0.07407
0.00717	0.12152
0.00719	0.09946
0.00721	0.07809
0.00723	0.01862
0.00726	-0.03613
0.00728	-0.06848
0.00730	-0.14389
0.00732	-0.17447
0.00735	-0.15930
0.00737	-0.15170
0.00739	-0.11166
0.00741	-0.05438
0.00744	-0.00558
0.00746	0.03894
0.00748	0.09473
0.00751	0.10352
0.00753	0.06647
0.00755	0.02911
0.00757	-0.00089
0.00760	0.02875
0.00762	0.09430
0.00764	0.12036
0.00766	0.11264
0.00769	0.10336
0.00771	0.07089
0.00773	0.01062
0.00776	-0.03677
0.00778	-0.07880
0.00780	-0.12341
0.00782	-0.18277
0.00785	-0.25363
0.00787	-0.23172
0.00789	-0.09717
0.00791	0.04282
0.00794	0.11316
0.00796	0.12839
0.00798	0.10989
0.00800	0.07584
0.00803	0.05219
0.00805	-0.03162
0.00807	-0.10855
0.00810	-0.06012
0.00812	-0.00293
0.00814	-0.00751
0.00816	-0.04718
0.00819	-0.10159
0.00821	-0.09015
0.00823	-0.01154
0.00825	-0.01050
0.00828	-0.06015
0.00830	-0.03259
0.00832	0.04410
0.00834	0.10214
0.00837	0.12674
0.00839	0.13391
0.00841	0.16037
0.00844	0.17578
0.00846	0.10345
0.00848	-0.04688
0.00850	-0.17880
0.00853	-0.23471
0.00855	-0.22543
0.00857	-0.20819
0.00859	-0.18982
0.00862	-0.09628
0.00864	0.06268
0.00866	0.19568
0.00868	0.24301
0.00871	0.21872
0.00873	0.15189
0.00875	0.06595
0.00878	0.01407
0.00880	-0.01059
0.00882	-0.02991
0.00884	-0.03140
0.00887	-0.04337
0.00889	-0.07919
0.00891	-0.04602
0.00893	0.02197
0.00896	0.03857
0.00898	0.05399
0.00900	0.01309
0.00902	-0.07233
0.00905	-0.09918
0.00907	-0.13348
0.00909	-0.13596
0.00912	-0.03778
0.00914	0.03998
0.00916	0.09601
0.00918	0.14310
0.00921	0.13339
0.00923	0.10355
0.00925	0.08835
0.00927	0.04306
0.00930	-0.04474
0.00932	-0.10544
0.00934	-0.14633
0.00937	-0.16797
0.00939	-0.13202
0.00941	-0.08429
0.00943	-0.04187
0.00946	0.00537
0.00948	0.03848
0.00950	0.08551
0.00952	0.11270
0.00955	0.07440
0.00957	0.01190
0.00959	-0.05148
0.00961	-0.09760
0.00964	-0.11896
0.00966	-0.13605
0.00968	-0.15186
0.00971	-0.14850
0.00973	-0.09677
0.00975	-0.03534
0.00977	-0.00876
0.00980	0.02737
0.00982	0.07150
0.00984	0.08737
0.00986	0.08722
0.00989	0.04434
0.00991	-0.01218
0.00993	0.00287
0.00995	0.06308
0.00998	0.10873
0.01000	0.10724
0.01002	0.06454
0.01005	0.01669
0.01007	-0.01157
0.01009	-0.03058
0.01011	-0.06998
0.01014	-0.12766
0.01016	-0.17447
0.01018	-0.19623
0.01020	-0.16797
0.01023	-0.08990
0.01025	0.01816
0.01027	0.10855
0.01029	0.13287
0.01032	0.09357
0.01034	0.04260
0.01036	0.01367
0.01039	-0.01181
0.01041	-0.03497
0.01043	-0.04974
0.01045	-0.04013
0.01048	-0.00555
0.01050	0.00790
0.01052	-0.02673
0.01054	-0.07156
0.01057	-0.06262
0.01059	-0.01624
0.01061	0.00647
0.01063	0.00644
0.01066	-0.00116
0.01068	0.03558
0.01070	0.13129
0.01073	0.18719
0.01075	0.17163
0.01077	0.10791
0.01079	0.02567
0.01082	-0.04700
0.01084	-0.11557
0.01086	-0.20114
0.01088	-0.26257
0.01091	-0.24557
0.01093	-0.16354
0.01095	-0.03772
0.01098	0.08176
0.01100	0.15884
0.01102	0.20490
0.01104	0.20105
0.01107	0.14001
0.01109	0.06033
0.01111	-0.00348
0.01113	-0.04263
0.01116	-0.05923
0.01118	-0.06360
0.01120	-0.06818
0.01122	-0.06177
0.01125	-0.02701
0.01127	0.00616
0.01129	0.03128
0.01132	0.05606
0.01134	0.03159
0.01136	-0.04971
0.01138	-0.11450
0.01141	-0.11899
0.01143	-0.07611
0.01145	-0.00635
0.01147	0.03357
0.01150	0.05194
0.01152	0.09732
0.01154	0.14218
0.01156	0.13858
0.01159	0.08728
0.01161	0.00671
0.01163	-0.05258
0.01166	-0.08096
0.01168	-0.10934
0.01170	-0.12637
0.01172	-0.12119
0.01175	-0.08246
0.01177	-0.02469
0.01179	0.02515
0.01181	0.06277
0.01184	0.08212
0.01186	0.08899
0.01188	0.07571
0.01190	0.02686
0.01193	-0.02896
0.01195	-0.08130
0.01197	-0.13211
0.01200	-0.15799
0.01202	-0.14438
0.01204	-0.10233
0.01206	-0.06747
0.01209	-0.05115
0.01211	-0.03058
0.01213	0.03552
0.01215	0.11014
0.01218	0.12030
0.01220	0.06714
0.01222	-0.00595
0.01224	-0.03189
0.01227	0.02448
0.01229	0.08392
0.01231	0.06271
0.01234	0.02191
0.01236	0.01285
0.01238	0.00540
0.01240	0.00208
0.01243	-0.03442
0.01245	-0.11075
0.01247	-0.15338
0.01249	-0.16617
0.01252	-0.17065
0.01254	-0.13950
0.01256	-0.06754
0.01259	0.02496
0.01261	0.09619
0.01263	0.11874
0.01265	0.10419
0.01268	0.07013
0.01270	0.02548
0.01272	-0.02374
0.01274	-0.05338
0.01277	-0.04065
0.01279	-0.01981
0.01281	-0.01523
0.01283	-0.01859
0.01286	-0.03305
0.01288	-0.01901
0.01290	0.00275
0.01293	-0.00900
0.01295	-0.01434
0.01297	0.00916
0.01299	0.04483
0.01302	0.08206
0.01304	0.11270
0.01306	0.12872
0.01308	0.12778
0.01311	0.10648
0.01313	0.03818
0.01315	-0.05905
0.01317	-0.13602
0.01320	-0.19833
0.01322	-0.22946
0.01324	-0.20209
0.01327	-0.13705
0.01329	-0.04037
0.01331	0.07333
0.01333	0.16003
0.01336	0.20053
0.01338	0.19147
0.01340	0.12589
0.01342	0.04074
0.01345	-0.00882
0.01347	-0.03656
0.01349	-0.06335
0.01351	-0.08542
0.01354	-0.10138
0.01356	-0.07785
0.01358	-0.01794
0.01361	0.01880
0.01363	0.02380
0.01365	0.02466
0.01367	0.01276
0.01370	-0.02313
0.01372	-0.06534
0.01374	-0.09033
0.01376	-0.07190
0.01379	-0.01773
0.01381	0.03421
0.01383	0.06998
0.01385	0.09491
0.01388	0.11337
0.01390	0.10919
0.01392	0.07272
0.01395	0.01666
0.01397	-0.05457
0.01399	-0.10086
0.01401	-0.10727
0.01404	-0.10837
0.01406	-0.08710
0.01408	-0.05133
0.01410	-0.02261
0.01413	0.02304
0.01415	0.06857
0.01417	0.09366
0.01420	0.10117
0.01422	0.07245
0.01424	0.01434
0.01426	-0.03601
0.01429	-0.08328
0.01431	-0.12143
0.01433	-0.12677
0.01435	-0.12112
0.01438	-0.11288
0.01440	-0.07944
0.01442	-0.03043
0.01444	0.01581
0.01447	0.06183
0.01449	0.09070
0.01451	0.09201
0.01454	0.07224
0.01456	0.03696
0.01458	-0.00116
0.01460	-0.00491
0.01463	0.02597
0.01465	0.04099
0.01467	0.02676
0.01469	-0.00128
0.01472	-0.03021
0.01474	-0.03622
0.01476	-0.04230
0.01478	-0.08743
0.01481	-0.14227
0.01483	-0.16382
0.01485	-0.14441
0.01488	-0.09790
0.01490	-0.03949
0.01492	0.01926
0.01494	0.07739
0.01497	0.11829
0.01499	0.10709
0.01501	0.05530
0.01503	0.01120
0.01506	-0.01740
0.01508	-0.03488
0.01510	-0.04529
0.01512	-0.04828
0.01515	-0.03110
0.01517	-0.00439
0.01519	0.00467
0.01522	-0.00848
0.01524	-0.01804
0.01526	-0.00684
0.01528	0.02081
0.01531	0.03656
0.01533	0.03491
0.01535	0.05505
0.01537	0.09695
0.01540	0.12299
0.01542	0.11148
0.01544	0.06448
0.01546	0.00031
0.01549	-0.05884
0.01551	-0.11520
0.01553	-0.17712
0.01556	-0.21130
0.01558	-0.18689
0.01560	-0.10556
0.01562	-0.00363
0.01565	0.08365
0.01567	0.15335
0.01569	0.19070
0.01571	0.17691
0.01574	0.11880
0.01576	0.04071
0.01578	-0.01343
0.01580	-0.03824
0.01583	-0.06653
0.01585	-0.09967
0.01587	-0.10526
0.01590	-0.06772
0.01592	-0.01569
0.01594	0.02328
0.01596	0.03400
0.01599	0.03159
0.01601	0.02304
0.01603	-0.00674
0.01605	-0.04468
0.01608	-0.06433
0.01610	-0.04965
0.01612	-0.01004
0.01615	0.02200
0.01617	0.04956
0.01619	0.08191
0.01621	0.10168
0.01624	0.09827
0.01626	0.05722
0.01628	-0.00336
0.01630	-0.04938
0.01633	-0.08041
0.01635	-0.10110
0.01637	-0.10434
0.01639	-0.08716
0.01642	-0.04568
0.01644	-0.00171
0.01646	0.02655
0.01649	0.05408
0.01651	0.08588
0.01653	0.09778
0.01655	0.06866
0.01658	0.00800
0.01660	-0.05423
0.01662	-0.08990
0.01664	-0.10309
0.01667	-0.11295
0.01669	-0.11801
0.01671	-0.10422
0.01673	-0.06406
0.01676	-0.00751
0.01678	0.04367
0.01680	0.07620
0.01683	0.08832
0.01685	0.08698
0.01687	0.06750
0.01689	0.03397
0.01692	0.00616
0.01694	-0.00455
0.01696	0.00317
0.01698	0.01443
0.01701	0.01175
0.01703	-0.00085
0.01705	-0.01849
0.01707	-0.03717
0.01710	-0.05713
0.01712	-0.08273
0.01714	-0.11237
0.01717	-0.13416
0.01719	-0.12521
0.01721	-0.08618
0.01723	-0.02524
0.01726	0.04440
0.01728	0.09180
0.01730	0.10001
0.01732	0.08371
0.01735	0.05334
0.01737	0.02155
0.01739	-0.00830
0.01741	-0.03867
0.01744	-0.05698
0.01746	-0.05063
0.01748	-0.02145
0.01751	0.00253
0.01753	0.00452
0.01755	-0.00613
0.01757	-0.01157
0.01760	0.00064
0.01762	0.02258
0.01764	0.03043
0.01766	0.03134
0.01769	0.04651
0.01771	0.07458
0.01773	0.09418
0.01776	0.08353
0.01778	0.04083
0.01780	-0.01822
0.01782	-0.07211
0.01785	-0.11786
0.01787	-0.16110
0.01789	-0.17889
0.01791	-0.15265
0.01794	-0.08655
0.01796	0.01160
0.01798	0.09952
0.01800	0.15042
0.01803	0.17245
0.01805	0.15723
0.01807	0.10526
0.01810	0.04297
0.01812	-0.01266
0.01814	-0.05222
0.01816	-0.07507
0.01819	-0.09021
0.01821	-0.08676
0.01823	-0.05231
0.01825	-0.00970
0.01828	0.02383
0.01830	0.04520
0.01832	0.04211
0.01834	0.02264
0.01837	-0.00031
0.01839	-0.02887
0.01841	-0.04346
0.01844	-0.03165
0.01846	-0.00674
0.01848	0.01953
0.01850	0.04626
0.01853	0.07275
0.01855	0.08826
0.01857	0.08435
0.01859	0.04926
0.01862	-0.01004
0.01864	-0.05734
0.01866	-0.07721
0.01868	-0.08182
0.01871	-0.08026
0.01873	-0.07465
0.01875	-0.05533
0.01878	-0.01053
0.01880	0.04077
0.01882	0.06952
0.01884	0.07248
0.01887	0.05972
0.01889	0.04095
0.01891	0.01736
0.01893	-0.02841
0.01896	-0.08716
0.01898	-0.11832
0.01900	-0.11499
0.01902	-0.09204
0.01905	-0.06531
0.01907	-0.04764
0.01909	-0.01532
0.01912	0.03818
0.01914	0.08240
0.01916	0.09888
0.01918	0.08386
0.01921	0.05273
0.01923	0.02179
0.01925	0.00098
0.01927	-0.00351
0.01930	0.00183
0.01932	0.00314
0.01934	-0.00412
0.01937	-0.01968
0.01939	-0.02545
0.01941	-0.02115
0.01943	-0.03717
0.01946	-0.07651
0.01948	-0.11453
0.01950	-0.12369
0.01952	-0.09042
0.01955	-0.04526
0.01957	-0.01089
0.01959	0.02707
0.01961	0.07181
0.01964	0.10284
0.01966	0.09964
0.01968	0.05850
0.01971	0.00735
0.01973	-0.02017
0.01975	-0.03049
0.01977	-0.03857
0.01980	-0.04135
0.01982	-0.03180
0.01984	-0.00980
0.01986	0.00827
0.01989	0.00897
0.01991	0.00064
0.01993	-0.00082
0.01995	0.01144
0.01998	0.02390
0.02000	0.03262
0.02002	0.04349
0.02005	0.05875
0.02007	0.07037
0.02009	0.05707
0.02011	0.02274
0.02014	-0.02032
0.02016	-0.06876
0.02018	-0.11420
0.02020	-0.15012
0.02023	-0.16165
0.02025	-0.12952
0.02027	-0.05908
0.02029	0.02222
0.02032	0.09146
0.02034	0.14166
0.02036	0.16287
0.02039	0.14700
0.02041	0.09589
0.02043	0.03186
0.02045	-0.01816
0.02048	-0.04819
0.02050	-0.07178
0.02052	-0.09097
0.02054	-0.08273
0.02057	-0.04529
0.02059	0.00031
0.02061	0.03394
0.02063	0.04282
0.02066	0.03641
0.02068	0.02661
0.02070	0.00662
0.02073	-0.01987
0.02075	-0.03348
0.02077	-0.02789
0.02079	-0.00870
0.02082	0.01895
0.02084	0.04352
0.02086	0.06497
0.02088	0.08063
0.02091	0.07004
0.02093	0.03284
0.02095	-0.01324
0.02098	-0.05075
0.02100	-0.06873
0.02102	-0.07626
0.02104	-0.07941
0.02107	-0.06552
0.02109	-0.03329
0.02111	0.00430
0.02113	0.03775
0.02116	0.05859
0.02118	0.06412
0.02120	0.06100
0.02122	0.04303
0.02125	0.00284
0.02127	-0.04385
0.02129	-0.08041
0.02132	-0.09448
0.02134	-0.09131
0.02136	-0.08243
0.02138	-0.06577
0.02141	-0.03760
0.02143	0.00620
0.02145	0.05392
0.02147	0.08054
0.02150	0.08215
0.02152	0.07071
0.02154	0.04922
0.02156	0.02505
0.02159	0.00427
0.02161	-0.00906
0.02163	-0.01132
0.02166	-0.00992
0.02168	-0.01266
0.02170	-0.01810
0.02172	-0.02289
0.02175	-0.03064
0.02177	-0.04733
0.02179	-0.07272
0.02181	-0.09494
0.02184	-0.09760
0.02186	-0.07849
0.02188	-0.04407
0.02190	-0.00244
0.02193	0.03979
0.02195	0.07434
0.02197	0.08887
0.02200	0.07883
0.02202	0.05191
0.02204	0.01895
0.02206	-0.01120
0.02209	-0.03543
0.02211	-0.04724
0.02213	-0.03989
0.02215	-0.02100
0.02218	-0.00531
0.02220	0.00259
0.02222	0.00345
0.02224	0.00150
0.02227	0.00537
0.02229	0.01144
0.02231	0.01697
0.02234	0.02725
0.02236	0.04056
0.02238	0.05057
0.02240	0.05334
0.02243	0.04346
0.02245	0.01593
0.02247	-0.02319
0.02249	-0.06628
0.02252	-0.10849
0.02254	-0.13287
0.02256	-0.13034
0.02259	-0.10172
0.02261	-0.04376
0.02263	0.02856
0.02265	0.09116
0.02268	0.13525
0.02270	0.15109
0.02272	0.13141
0.02274	0.08508
0.02277	0.03214
0.02279	-0.01752
0.02281	-0.05392
0.02283	-0.07123
0.02286	-0.07828
0.02288	-0.06854
0.02290	-0.03851
0.02293	-0.00345
0.02295	0.02798
0.02297	0.04428
0.02299	0.03931
0.02302	0.02237
0.02304	0.00449
0.02306	-0.01202
0.02308	-0.02530
0.02311	-0.02551
0.02313	-0.01248
0.02315	0.01025
0.02317	0.03873
0.02320	0.05783
0.02322	0.06195
0.02324	0.05447
0.02327	0.02930
0.02329	-0.00934
0.02331	-0.04428
0.02333	-0.06732
0.02336	-0.07477
0.02338	-0.06531
0.02340	-0.05124
0.02342	-0.03226
0.02345	0.00006
0.02347	0.03391
0.02349	0.05710
0.02351	0.06567
0.02354	0.05606
0.02356	0.03284
0.02358	0.00259
0.02361	-0.03473
0.02363	-0.06882
0.02365	-0.08264
0.02367	-0.07956
0.02370	-0.06937
0.02372	-0.05093
0.02374	-0.02322
0.02376	0.01562
0.02379	0.05777
0.02381	0.08121
0.02383	0.07703
0.02385	0.06171
0.02388	0.04260
0.02390	0.02042
0.02392	0.00104
0.02395	-0.01593
0.02397	-0.02448
0.02399	-0.01923
0.02401	-0.01367
0.02404	-0.01773
0.02406	-0.02374
0.02408	-0.03067
0.02410	-0.04526
0.02413	-0.06317
0.02415	-0.07910
0.02417	-0.08560
0.02420	-0.06799
0.02422	-0.03354
0.02424	0.00363
0.02426	0.03983
0.02429	0.06708
0.02431	0.07812
0.02433	0.07208
0.02435	0.04865
0.02438	0.01599
0.02440	-0.01498
0.02442	-0.03696
0.02444	-0.04666
0.02447	-0.03967
0.02449	-0.01947
0.02451	-0.00201
0.02454	0.00647
0.02456	0.00458
0.02458	-0.00024
0.02460	0.00516
0.02463	0.01456
0.02465	0.01559
0.02467	0.01553
0.02469	0.02405
0.02472	0.03802
0.02474	0.04782
0.02476	0.03912
0.02478	0.00723
0.02481	-0.03015
0.02483	-0.06104
0.02485	-0.08789
0.02488	-0.10742
0.02490	-0.11145
0.02492	-0.08807
0.02494	-0.03192
0.02497	0.03842
0.02499	0.09521
0.02501	0.12766
0.02503	0.13629
0.02506	0.11755
0.02508	0.07675
0.02510	0.02878
0.02512	-0.01828
0.02515	-0.05389
0.02517	-0.07315
0.02519	-0.07776
0.02522	-0.06149
0.02524	-0.02823
0.02526	0.00421
0.02528	0.02771
0.02531	0.03949
0.02533	0.03836
0.02535	0.02802
0.02537	0.00919
0.02540	-0.01392
0.02542	-0.02618
0.02544	-0.02252
0.02546	-0.00845
0.02549	0.01007
0.02551	0.02722
0.02553	0.04315
0.02556	0.05603
0.02558	0.05338
0.02560	0.02560
0.02562	-0.01401
0.02565	-0.04437
0.02567	-0.05795
0.02569	-0.05878
0.02571	-0.05591
0.02574	-0.05069
0.02576	-0.02997
0.02578	0.00473
0.02580	0.03751
0.02583	0.05624
0.02585	0.05753
0.02587	0.04694
0.02590	0.03033
0.02592	0.00552
0.02594	-0.02942
0.02596	-0.05920
0.02599	-0.07132
0.02601	-0.07068
0.02603	-0.05893
0.02605	-0.03867
0.02608	-0.01184
0.02610	0.02454
0.02612	0.05753
0.02615	0.07263
0.02617	0.07086
0.02619	0.05719
0.02621	0.03613
0.02624	0.01215
0.02626	-0.00830
0.02628	-0.02246
0.02630	-0.02719
0.02633	-0.02484
0.02635	-0.02319
0.02637	-0.02094
0.02639	-0.01782
0.02642	-0.02289
0.02644	-0.03748
0.02646	-0.05594
0.02649	-0.06964
0.02651	-0.06766
0.02653	-0.05063
0.02655	-0.02637
0.02658	0.00403
0.02660	0.03726
0.02662	0.06314
0.02664	0.07352
0.02667	0.06580
0.02669	0.04312
0.02671	0.01401
0.02673	-0.01340
0.02676	-0.03442
0.02678	-0.04230
0.02680	-0.03455
0.02683	-0.01987
0.02685	-0.00479
0.02687	0.00699
0.02689	0.01007
0.02692	0.00754
0.02694	0.00528
0.02696	0.00528
0.02698	0.00934
0.02701	0.01669
0.02703	0.02148
0.02705	0.02423
0.02707	0.02771
0.02710	0.02448
0.02712	0.00745
0.02714	-0.02057
0.02717	-0.05368
0.02719	-0.08176
0.02721	-0.09299
0.02723	-0.08679
0.02726	-0.06250
0.02728	-0.01840
0.02730	0.03525
0.02732	0.08426
0.02735	0.11765
0.02737	0.12643
0.02739	0.10696
0.02741	0.06662
0.02744	0.01877
0.02746	-0.02420
0.02748	-0.05249
0.02751	-0.06686
0.02753	-0.07010
0.02755	-0.05737
0.02757	-0.02924
0.02760	0.00647
0.02762	0.03537
0.02764	0.04483
0.02766	0.03592
0.02769	0.02182
0.02771	0.00934
0.02773	-0.00394
0.02776	-0.01672
0.02778	-0.02515
0.02780	-0.02063
0.02782	0.00189
0.02785	0.02957
0.02787	0.04700
0.02789	0.04922
0.02791	0.03741
0.02794	0.01630
0.02796	-0.00723
0.02798	-0.02884
0.02800	-0.04764
0.02803	-0.05798
0.02805	-0.05481
0.02807	-0.04065
0.02810	-0.01700
0.02812	0.01196
0.02814	0.03601
0.02816	0.04919
0.02819	0.05087
0.02821	0.04309
0.02823	0.02676
0.02825	0.00241
0.02828	-0.02765
0.02830	-0.05438
0.02832	-0.06393
0.02834	-0.05704
0.02837	-0.04404
0.02839	-0.02618
0.02841	-0.00305
0.02844	0.02573
0.02846	0.05502
0.02848	0.06931
0.02850	0.06302
0.02853	0.04541
0.02855	0.02408
0.02857	0.00476
0.02859	-0.01114
0.02862	-0.02499
0.02864	-0.03229
0.02866	-0.03101
0.02868	-0.02502
0.02871	-0.01962
0.02873	-0.01648
0.02875	-0.02060
0.02878	-0.03189
0.02880	-0.04504
0.02882	-0.05521
0.02884	-0.05310
0.02887	-0.03860
0.02889	-0.01636
0.02891	0.01074
0.02893	0.03714
0.02896	0.05817
0.02898	0.06787
0.02900	0.06119
0.02902	0.04047
0.02905	0.01257
0.02907	-0.01297
0.02909	-0.02972
0.02912	-0.03558
0.02914	-0.03082
0.02916	-0.01825
0.02918	-0.00345
0.02921	0.00589
0.02923	0.00827
0.02925	0.00671
0.02927	0.00571
0.02930	0.00668
0.02932	0.00705
0.02934	0.00861
0.02937	0.01328
0.02939	0.01978
0.02941	0.02322
0.02943	0.01666
0.02946	-0.00122
0.02948	-0.02478
0.02950	-0.04816
0.02952	-0.06668
0.02955	-0.07697
0.02957	-0.07407
0.02959	-0.04968
0.02961	-0.00641
0.02964	0.04190
0.02966	0.08273
0.02968	0.10663
0.02971	0.10947
0.02973	0.09155
0.02975	0.05508
0.02977	0.01208
0.02980	-0.02560
0.02982	-0.05289
0.02984	-0.06696
0.02986	-0.06573
0.02989	-0.04974
0.02991	-0.02191
0.02993	0.01013
0.02995	0.03229
0.02998	0.03946
0.03000	0.03647
0.03002	0.02609
0.03005	0.01175
0.03007	-0.00327
0.03009	-0.01703
0.03011	-0.02161
0.03014	-0.01370
0.03016	0.00278
0.03018	0.02136
0.03020	0.03625
0.03023	0.04297
0.03025	0.03607
0.03027	0.01788
0.03029	-0.00583
0.03032	-0.02637
0.03034	-0.03827
0.03036	-0.04379
0.03039	-0.04303
0.03041	-0.03296
0.03043	-0.01294
0.03045	0.01239
0.03048	0.03433
0.03050	0.04553
0.03052	0.04559
0.03054	0.03934
0.03057	0.02475
0.03059	-0.00079
0.03061	-0.02765
0.03063	-0.04617
0.03066	-0.05286
0.03068	-0.04865
0.03070	-0.03854
0.03073	-0.02350
0.03075	0.00104
0.03077	0.03067
0.03079	0.05286
0.03082	0.06128
0.03084	0.05447
0.03086	0.03723
0.03088	0.01840
0.03091	0.00015
0.03093	-0.01709
0.03095	-0.03021
0.03098	-0.03574
0.03100	-0.03400
0.03102	-0.02637
0.03104	-0.01788
0.03107	-0.01480
0.03109	-0.01898
0.03111	-0.02789
0.03113	-0.03802
0.03116	-0.04355
0.03118	-0.04010
0.03120	-0.02939
0.03122	-0.01025
0.03125	0.01453
0.03127	0.03809
0.03129	0.05499
0.03132	0.06039
0.03134	0.05338
0.03136	0.03656
0.03138	0.01248
0.03141	-0.01273
0.03143	-0.03000
0.03145	-0.03442
0.03147	-0.02756
0.03150	-0.01450
0.03152	-0.00220
0.03154	0.00510
0.03156	0.00705
0.03159	0.00671
0.03161	0.00595
0.03163	0.00525
0.03166	0.00449
0.03168	0.00455
0.03170	0.00830
0.03172	0.01425
0.03175	0.01724
0.03177	0.01270
0.03179	-0.00241
0.03181	-0.02325
0.03184	-0.04224
0.03186	-0.05634
0.03188	-0.06281
0.03190	-0.05789
0.03193	-0.03662
0.03195	0.00034
0.03197	0.04364
0.03200	0.07932
0.03202	0.09845
0.03204	0.09769
0.03206	0.07892
0.03209	0.04697
0.03211	0.00858
0.03213	-0.02814
0.03215	-0.05545
0.03218	-0.06580
0.03220	-0.05997
0.03222	-0.04141
0.03224	-0.01602
0.03227	0.00958
0.03229	0.02945
0.03231	0.03949
0.03234	0.03775
0.03236	0.02615
0.03238	0.01025
0.03240	-0.00497
0.03243	-0.01590
0.03245	-0.01935
0.03247	-0.01297
0.03249	0.00089
0.03252	0.01837
0.03254	0.03183
0.03256	0.03711
0.03259	0.03207
0.03261	0.01636
0.03263	-0.00348
0.03265	-0.02197
0.03268	-0.03458
0.03270	-0.03812
0.03272	-0.03308
0.03274	-0.02280
0.03277	-0.00784
0.03279	0.01218
0.03281	0.03186
0.03283	0.04346
0.03286	0.04404
0.03288	0.03415
0.03290	0.01691
0.03293	-0.00281
0.03295	-0.02170
0.03297	-0.03726
0.03299	-0.04553
0.03302	-0.04373
0.03304	-0.03253
0.03306	-0.01367
0.03308	0.00961
0.03311	0.03162
0.03313	0.04825
0.03315	0.05475
0.03317	0.04922
0.03320	0.03470
0.03322	0.01495
0.03324	-0.00546
0.03327	-0.02249
0.03329	-0.03329
0.03331	-0.03674
0.03333	-0.03308
0.03336	-0.02542
0.03338	-0.01733
0.03340	-0.01218
0.03342	-0.01300
0.03345	-0.02002
0.03347	-0.02902
0.03349	-0.03424
0.03351	-0.03192
0.03354	-0.02179
0.03356	-0.00461
0.03358	0.01538
0.03361	0.03497
0.03363	0.05063
0.03365	0.05600
0.03367	0.04874
0.03370	0.03094
0.03372	0.00739
0.03374	-0.01413
0.03376	-0.02756
0.03379	-0.03229
0.03381	-0.02866
0.03383	-0.01788
0.03385	-0.00540
0.03388	0.00403
0.03390	0.00879
0.03392	0.00754
0.03395	0.00378
0.03397	0.00119
0.03399	0.00104
0.03401	0.00272
0.03404	0.00577
0.03406	0.00873
0.03408	0.00964
0.03410	0.00674
0.03413	-0.00250
0.03415	-0.01761
0.03417	-0.03497
0.03420	-0.04825
0.03422	-0.05307
0.03424	-0.04492
0.03426	-0.02310
0.03429	0.00800
0.03431	0.04141
0.03433	0.07108
0.03435	0.08960
0.03438	0.09073
0.03440	0.07217
0.03442	0.03851
0.03444	0.00125
0.03447	-0.02917
0.03449	-0.04990
0.03451	-0.05963
0.03454	-0.05740
0.03456	-0.04196
0.03458	-0.01559
0.03460	0.01273
0.03463	0.03210
0.03465	0.03757
0.03467	0.03302
0.03469	0.02271
0.03472	0.01080
0.03474	-0.00098
0.03476	-0.01245
0.03478	-0.01901
0.03481	-0.01532
0.03483	-0.00110
0.03485	0.01740
0.03488	0.03174
0.03490	0.03513
0.03492	0.02643
0.03494	0.01151
0.03497	-0.00339
0.03499	-0.01669
0.03501	-0.02725
0.03503	-0.03412
0.03506	-0.03360
0.03508	-0.02173
0.03510	-0.00244
0.03512	0.01767
0.03515	0.03278
0.03517	0.03918
0.03519	0.03842
0.03522	0.03156
0.03524	0.01791
0.03526	-0.00186
0.03528	-0.02158
0.03531	-0.03491
0.03533	-0.04056
0.03535	-0.03693
0.03537	-0.02594
0.03540	-0.00977
0.03542	0.01105
0.03544	0.03162
0.03546	0.04465
0.03549	0.04813
0.03551	0.04205
0.03553	0.02771
0.03556	0.00949
0.03558	-0.00827
0.03560	-0.02368
0.03562	-0.03314
0.03565	-0.03503
0.03567	-0.03113
0.03569	-0.02338
0.03571	-0.01459
0.03574	-0.01004
0.03576	-0.01123
0.03578	-0.01529
0.03580	-0.02139
0.03583	-0.02533
0.03585	-0.02313
0.03587	-0.01532
0.03590	-0.00043
0.03592	0.01898
0.03594	0.03583
0.03596	0.04657
0.03599	0.04935
0.03601	0.04297
0.03603	0.02777
0.03605	0.00735
0.03608	-0.01349
0.03610	-0.02835
0.03612	-0.03195
0.03615	-0.02679
0.03617	-0.01645
0.03619	-0.00552
0.03621	0.00119
0.03624	0.00452
0.03626	0.00598
0.03628	0.00522
0.03630	0.00302
0.03633	0.00131
0.03635	0.00040
0.03637	0.00204
0.03639	0.00671
0.03642	0.00964
0.03644	0.00629
0.03646	-0.00388
0.03649	-0.01785
0.03651	-0.03076
0.03653	-0.03812
0.03655	-0.03891
0.03658	-0.03342
0.03660	-0.01697
0.03662	0.01028
0.03664	0.04102
0.03667	0.06879
0.03669	0.08270
0.03671	0.07758
0.03673	0.05814
0.03676	0.02960
0.03678	-0.00061
0.03680	-0.02814
0.03683	-0.04935
0.03685	-0.05905
0.03687	-0.05338
0.03689	-0.03412
0.03692	-0.00998
0.03694	0.01309
0.03696	0.02838
0.03698	0.03387
0.03701	0.03177
0.03703	0.02368
0.03705	0.01199
0.03707	-0.00079
0.03710	-0.01224
0.03712	-0.01788
0.03714	-0.01321
0.03717	0.00082
0.03719	0.01730
0.03721	0.02820
0.03723	0.02957
0.03726	0.02353
0.03728	0.01385
0.03730	0.00253
0.03732	-0.01074
0.03735	-0.02377
0.03737	-0.03076
0.03739	-0.02740
0.03741	-0.01505
0.03744	0.00174
0.03746	0.01685
0.03748	0.02774
0.03751	0.03491
0.03753	0.03662
0.03755	0.03058
0.03757	0.01709
0.03760	-0.00250
0.03762	-0.02072
0.03764	-0.03122
0.03766	-0.03458
0.03769	-0.03061
0.03771	-0.02133
0.03773	-0.00766
0.03776	0.01056
0.03778	0.02975
0.03780	0.04272
0.03782	0.04477
0.03785	0.03616
0.03787	0.02106
0.03789	0.00421
0.03791	-0.01074
0.03794	-0.02301
0.03796	-0.03183
0.03798	-0.03448
0.03800	-0.03055
0.03803	-0.02081
0.03805	-0.01031
0.03807	-0.00500
0.03810	-0.00632
0.03812	-0.01147
0.03814	-0.01648
0.03816	-0.01779
0.03819	-0.01459
0.03821	-0.00769
0.03823	0.00250
0.03825	0.01666
0.03828	0.03238
0.03830	0.04462
0.03832	0.04782
0.03834	0.03931
0.03837	0.02194
0.03839	0.00241
0.03841	-0.01385
0.03844	-0.02454
0.03846	-0.02811
0.03848	-0.02582
0.03850	-0.01764
0.03853	-0.00665
0.03855	0.00195
0.03857	0.00577
0.03859	0.00534
0.03862	0.00296
0.03864	0.00073
0.03866	0.00006
0.03868	0.00052
0.03871	0.00226
0.03873	0.00528
0.03875	0.00702
0.03878	0.00458
0.03880	-0.00278
0.03882	-0.01352
0.03884	-0.02411
0.03887	-0.03101
0.03889	-0.03302
0.03891	-0.02673
0.03893	-0.00970
0.03896	0.01492
0.03898	0.04117
0.03900	0.06210
0.03902	0.07202
0.03905	0.06763
0.03907	0.05081
0.03909	0.02487
0.03912	-0.00482
0.03914	-0.03122
0.03916	-0.04880
0.03918	-0.05420
0.03921	-0.04596
0.03923	-0.02826
0.03925	-0.00711
0.03927	0.01373
0.03930	0.02838
0.03932	0.03421
0.03934	0.03217
0.03937	0.02271
0.03939	0.00906
0.03941	-0.00314
0.03943	-0.01129
0.03946	-0.01324
0.03948	-0.00815
0.03950	0.00189
0.03952	0.01398
0.03955	0.02512
0.03957	0.02960
0.03959	0.02502
0.03961	0.01443
0.03964	0.00073
0.03966	-0.01172
0.03968	-0.01941
0.03971	-0.02228
0.03973	-0.02008
0.03975	-0.01199
0.03977	0.00128
0.03980	0.01642
0.03982	0.02893
0.03984	0.03445
0.03986	0.03235
0.03989	0.02457
0.03991	0.01279
0.03993	-0.00156
0.03995	-0.01480
0.03998	-0.02469
0.04000	-0.03036
0.04002	-0.02844
0.04005	-0.01843
0.04007	-0.00360
0.04009	0.01364
0.04011	0.02832
0.04014	0.03589
0.04016	0.03665
0.04018	0.03104
0.04020	0.01947
0.04023	0.00473
0.04025	-0.01080
0.04027	-0.02402
0.04029	-0.03082
0.04032	-0.03049
0.04034	-0.02533
0.04036	-0.01791
0.04039	-0.00980
0.04041	-0.00455
0.04043	-0.00290
0.04045	-0.00482
0.04048	-0.00961
0.04050	-0.01218
0.04052	-0.01050
0.04054	-0.00485
0.04057	0.00543
0.04059	0.01868
0.04061	0.03183
0.04063	0.04071
0.04066	0.04211
0.04068	0.03430
0.04070	0.01938
0.04073	0.00269
0.04075	-0.01270
0.04077	-0.02390
0.04079	-0.02859
0.04082	-0.02600
0.04084	-0.01743
0.04086	-0.00687
0.04088	0.00046
0.04091	0.00412
0.04093	0.00494
0.04095	0.00385
0.04098	0.00211
0.04100	0.00067
0.04102	0.00040
0.04104	0.00198
0.04107	0.00473
0.04109	0.00586
0.04111	0.00409
0.04113	-0.00107
0.04116	-0.00916
0.04118	-0.01855
0.04120	-0.02527
0.04122	-0.02524
0.04125	-0.01715
0.04127	-0.00189
0.04129	0.01730
0.04132	0.03729
0.04134	0.05536
0.04136	0.06528
0.04138	0.06137
0.04141	0.04385
0.04143	0.01804
0.04145	-0.00793
0.04147	-0.02951
0.04150	-0.04422
0.04152	-0.04977
0.04154	-0.04398
0.04156	-0.02780
0.04159	-0.00598
0.04161	0.01404
0.04163	0.02661
0.04166	0.03116
0.04168	0.02853
0.04170	0.02090
0.04172	0.01010
0.04175	-0.00128
0.04177	-0.00980
0.04179	-0.01300
0.04181	-0.00909
0.04184	0.00116
0.04186	0.01382
0.04188	0.02380
0.04190	0.02686
0.04193	0.02234
0.04195	0.01294
0.04197	0.00217
0.04200	-0.00797
0.04202	-0.01651
0.04204	-0.02158
0.04206	-0.02054
0.04209	-0.01187
0.04211	0.00253
0.04213	0.01694
0.04215	0.02704
0.04218	0.03079
0.04220	0.02975
0.04222	0.02426
0.04224	0.01309
0.04227	-0.00131
0.04229	-0.01538
0.04231	-0.02472
0.04234	-0.02707
0.04236	-0.02344
0.04238	-0.01486
0.04240	-0.00171
0.04243	0.01422
0.04245	0.02811
0.04247	0.03564
0.04249	0.03525
0.04252	0.02802
0.04254	0.01712
0.04256	0.00394
0.04259	-0.01047
0.04261	-0.02240
0.04263	-0.02844
0.04265	-0.02771
0.04268	-0.02191
0.04270	-0.01416
0.04272	-0.00693
0.04274	-0.00220
0.04277	-0.00070
0.04279	-0.00262
0.04281	-0.00598
0.04283	-0.00821
0.04286	-0.00714
0.04288	-0.00177
0.04290	0.00751
0.04293	0.01895
0.04295	0.02994
0.04297	0.03723
0.04299	0.03711
0.04302	0.02890
0.04304	0.01520
0.04306	-0.00031
0.04308	-0.01456
0.04311	-0.02460
0.04313	-0.02887
0.04315	-0.02576
0.04317	-0.01678
0.04320	-0.00711
0.04322	-0.00031
0.04324	0.00278
0.04327	0.00363
0.04329	0.00375
0.04331	0.00278
0.04333	0.00064
0.04336	-0.00101
0.04338	0.00018
0.04340	0.00369
0.04342	0.00659
0.04345	0.00528
0.04347	-0.00143
0.04349	-0.00974
0.04351	-0.01651
0.04354	-0.01950
0.04356	-0.01871
0.04358	-0.01245
0.04361	0.00003
0.04363	0.01752
0.04365	0.03683
0.04367	0.05231
0.04370	0.05902
0.04372	0.05347
0.04374	0.03650
0.04376	0.01370
0.04379	-0.00906
0.04381	-0.02826
0.04383	-0.04138
0.04385	-0.04614
0.04388	-0.04022
0.04390	-0.02490
0.04392	-0.00430
0.04395	0.01443
0.04397	0.02548
0.04399	0.02930
0.04401	0.02676
0.04404	0.01987
0.04406	0.01050
0.04408	0.00003
0.04410	-0.00845
0.04413	-0.01123
0.04415	-0.00754
0.04417	0.00180
0.04420	0.01318
0.04422	0.02148
0.04424	0.02374
0.04426	0.01974
0.04429	0.01163
0.04431	0.00168
0.04433	-0.00772
0.04435	-0.01550
0.04438	-0.01962
0.04440	-0.01782
0.04442	-0.00940
0.04444	0.00339
0.04447	0.01587
0.04449	0.02432
0.04451	0.02798
0.04454	0.02725
0.04456	0.02176
0.04458	0.01157
0.04460	-0.00192
0.04463	-0.01471
0.04465	-0.02301
0.04467	-0.02533
0.04469	-0.02133
0.04472	-0.01279
0.04474	-0.00104
0.04476	0.01279
0.04478	0.02502
0.04481	0.03159
0.04483	0.03064
0.04485	0.02399
0.04488	0.01349
0.04490	0.00107
0.04492	-0.01093
0.04494	-0.02042
0.04497	-0.02505
0.04499	-0.02423
0.04501	-0.01913
0.04503	-0.01172
0.04506	-0.00400
0.04508	0.00092
0.04510	0.00134
0.04512	-0.00159
0.04515	-0.00473
0.04517	-0.00546
0.04519	-0.00336
0.04522	0.00058
0.04524	0.00714
0.04526	0.01706
0.04528	0.02777
0.04531	0.03442
0.04533	0.03326
0.04535	0.02432
0.04537	0.01114
0.04540	-0.00269
0.04542	-0.01501
0.04544	-0.02454
0.04546	-0.02847
0.04549	-0.02567
0.04551	-0.01758
0.04553	-0.00806
0.04556	-0.00113
0.04558	0.00259
0.04560	0.00461
0.04562	0.00479
0.04565	0.00281
0.04567	0.00055
0.04569	-0.00003
0.04571	0.00208
0.04574	0.00534
0.04576	0.00647
0.04578	0.00394
0.04580	-0.00104
0.04583	-0.00629
0.04585	-0.01138
0.04587	-0.01541
0.04590	-0.01532
0.04592	-0.00949
0.04594	0.00223
0.04596	0.01801
0.04599	0.03360
0.04601	0.04526
0.04603	0.04999
0.04605	0.04437
0.04608	0.02921
0.04610	0.00922
0.04612	-0.01144
0.04615	-0.02875
0.04617	-0.04019
0.04619	-0.04349
0.04621	-0.03671
0.04624	-0.02078
0.04626	-0.00180
0.04628	0.01349
0.04630	0.02261
0.04633	0.02606
0.04635	0.02533
0.04637	0.02042
0.04639	0.01035
0.04642	-0.00116
0.04644	-0.00873
0.04646	-0.00937
0.04649	-0.00406
0.04651	0.00418
0.04653	0.01166
0.04655	0.01740
0.04658	0.02054
0.04660	0.01904
0.04662	0.01212
0.04664	0.00195
0.04667	-0.00769
0.04669	-0.01453
0.04671	-0.01669
0.04673	-0.01410
0.04676	-0.00732
0.04678	0.00378
0.04680	0.01529
0.04683	0.02289
0.04685	0.02573
0.04687	0.02435
0.04689	0.01874
0.04692	0.00983
0.04694	-0.00143
0.04696	-0.01279
0.04698	-0.02039
0.04701	-0.02243
0.04703	-0.01913
0.04705	-0.01126
0.04707	0.00006
0.04710	0.01242
0.04712	0.02264
0.04714	0.02728
0.04717	0.02591
0.04719	0.01971
0.04721	0.01077
0.04723	-0.00034
0.04726	-0.01190
0.04728	-0.02078
0.04730	-0.02505
0.04732	-0.02371
0.04735	-0.01834
0.04737	-0.01086
0.04739	-0.00449
0.04741	-0.00006
0.04744	0.00143
0.04746	0.00043
0.04748	-0.00079
0.04751	-0.00171
0.04753	-0.00131
0.04755	0.00177
0.04757	0.00787
0.04760	0.01630
0.04762	0.02518
0.04764	0.02951
0.04766	0.02731
0.04769	0.01886
0.04771	0.00702
0.04773	-0.00519
0.04776	-0.01559
0.04778	-0.02335
0.04780	-0.02707
0.04782	-0.02444
0.04785	-0.01706
0.04787	-0.00812
0.04789	-0.00058
0.04791	0.00406
0.04794	0.00525
0.04796	0.00464
0.04798	0.00317
0.04800	0.00220
0.04803	0.00223
0.04805	0.00320
0.04807	0.00427
0.04810	0.00458
0.04812	0.00345
0.04814	0.00046
0.04816	-0.00452
0.04819	-0.00980
0.04821	-0.01337
0.04823	-0.01279
0.04825	-0.00610
0.04828	0.00488
0.04830	0.01773
0.04832	0.02997
0.04834	0.03958
0.04837	0.04285
0.04839	0.03745
0.04841	0.02383
0.04844	0.00519
0.04846	-0.01413
0.04848	-0.03021
0.04850	-0.03964
0.04853	-0.04062
0.04855	-0.03314
0.04857	-0.01959
0.04859	-0.00351
0.04862	0.01169
0.04864	0.02179
0.04866	0.02579
0.04868	0.02328
0.04871	0.01669
0.04873	0.00864
0.04875	0.00076
0.04878	-0.00522
0.04880	-0.00809
0.04882	-0.00546
0.04884	0.00208
0.04887	0.01111
0.04889	0.01776
0.04891	0.01907
0.04893	0.01544
0.04896	0.00900
0.04898	0.00162
0.04900	-0.00568
0.04902	-0.01202
0.04905	-0.01566
0.04907	-0.01443
0.04909	-0.00708
0.04912	0.00369
0.04914	0.01401
0.04916	0.02075
0.04918	0.02261
0.04921	0.02142
0.04923	0.01718
0.04925	0.00903
0.04927	-0.00174
0.04930	-0.01205
0.04932	-0.01883
0.04934	-0.02011
0.04937	-0.01608
0.04939	-0.00867
0.04941	0.00095
0.04943	0.01172
0.04946	0.02054
0.04948	0.02469
0.04950	0.02365
0.04952	0.01761
0.04955	0.00833
0.04957	-0.00238
0.04959	-0.01273
0.04961	-0.01962
0.04964	-0.02222
0.04966	-0.02008
0.04968	-0.01514
0.04971	-0.00876
0.04973	-0.00214
0.04975	0.00220
0.04977	0.00330
0.04980	0.00214
0.04982	-0.00009
0.04984	-0.00098
0.04986	-0.00024
0.04989	0.00226
0.04991	0.00732
0.04993	0.01392
0.04995	0.02084
0.04998	0.02481
0.05000	0.02289
0.05002	0.01523
0.05005	0.00482
0.05007	-0.00595
0.05009	-0.01538
0.05011	-0.02274
0.05014	-0.02600
0.05016	-0.02365
0.05018	-0.01630
0.05020	-0.00775
0.05023	-0.00143
0.05025	0.00186
0.05027	0.00302
0.05029	0.00397
0.05032	0.00394
0.05034	0.00275
0.05036	0.00180
0.05039	0.00281
0.05041	0.00488
0.05043	0.00595
0.05045	0.00397
0.05048	-0.00006
0.05050	-0.00455
0.05052	-0.00793
0.05054	-0.00970
0.05057	-0.00949
0.05059	-0.00500
0.05061	0.00391
0.05063	0.01529
0.05066	0.02661
0.05068	0.03424
0.05070	0.03543
0.05073	0.02945
0.05075	0.01660
0.05077	-0.00003
0.05079	-0.01584
0.05082	-0.02872
0.05084	-0.03635
0.05086	-0.03687
0.05088	-0.02985
0.05091	-0.01639
0.05093	-0.00015
0.05095	0.01337
0.05098	0.02103
0.05100	0.02341
0.05102	0.02133
0.05104	0.01620
0.05107	0.00818
0.05109	-0.00098
0.05111	-0.00717
0.05113	-0.00803
0.05116	-0.00378
0.05118	0.00317
0.05120	0.01001
0.05122	0.01456
0.05125	0.01645
0.05127	0.01511
0.05129	0.01001
0.05132	0.00232
0.05134	-0.00580
0.05136	-0.01208
0.05138	-0.01434
0.05141	-0.01227
0.05143	-0.00647
0.05145	0.00223
0.05147	0.01111
0.05150	0.01736
0.05152	0.02005
0.05154	0.01941
0.05156	0.01459
0.05159	0.00677
0.05161	-0.00275
0.05163	-0.01160
0.05166	-0.01730
0.05168	-0.01813
0.05170	-0.01453
0.05172	-0.00803
0.05175	0.00089
0.05177	0.01019
0.05179	0.01810
0.05181	0.02267
0.05184	0.02173
0.05186	0.01581
0.05188	0.00681
0.05190	-0.00372
0.05193	-0.01285
0.05195	-0.01855
0.05197	-0.02020
0.05200	-0.01813
0.05202	-0.01254
0.05204	-0.00629
0.05206	-0.00040
0.05209	0.00381
0.05211	0.00513
0.05213	0.00427
0.05215	0.00241
0.05218	0.00073
0.05220	0.00024
0.05222	0.00235
0.05224	0.00693
0.05227	0.01260
0.05229	0.01791
0.05231	0.02017
0.05234	0.01782
0.05236	0.01147
0.05238	0.00220
0.05240	-0.00784
0.05243	-0.01715
0.05245	-0.02319
0.05247	-0.02472
0.05249	-0.02151
0.05252	-0.01526
0.05254	-0.00818
0.05256	-0.00140
0.05259	0.00287
0.05261	0.00476
0.05263	0.00504
0.05265	0.00406
0.05268	0.00256
0.05270	0.00192
0.05272	0.00275
0.05274	0.00385
0.05277	0.00424
0.05279	0.00275
0.05281	-0.00055
0.05283	-0.00400
0.05286	-0.00681
0.05288	-0.00824
0.05290	-0.00742
0.05293	-0.00330
0.05295	0.00394
0.05297	0.01331
0.05299	0.02295
0.05302	0.02917
0.05304	0.02985
0.05306	0.02356
0.05308	0.01138
0.05311	-0.00339
0.05313	-0.01740
0.05315	-0.02841
0.05317	-0.03448
0.05320	-0.03430
0.05322	-0.02710
0.05324	-0.01373
0.05327	0.00134
0.05329	0.01358
0.05331	0.02081
0.05333	0.02328
0.05336	0.02151
0.05338	0.01596
0.05340	0.00818
0.05342	-0.00040
0.05345	-0.00616
0.05347	-0.00726
0.05349	-0.00412
0.05351	0.00165
0.05354	0.00803
0.05356	0.01245
0.05358	0.01392
0.05361	0.01273
0.05363	0.00836
0.05365	0.00177
0.05367	-0.00519
0.05370	-0.01111
0.05372	-0.01367
0.05374	-0.01117
0.05376	-0.00513
0.05379	0.00247
0.05381	0.00952
0.05383	0.01413
0.05385	0.01669
0.05388	0.01651
0.05390	0.01218
0.05392	0.00436
0.05395	-0.00464
0.05397	-0.01205
0.05399	-0.01624
0.05401	-0.01633
0.05404	-0.01324
0.05406	-0.00781
0.05408	0.00052
0.05410	0.00989
0.05413	0.01749
0.05415	0.02078
0.05417	0.01889
0.05420	0.01318
0.05422	0.00473
0.05424	-0.00482
0.05426	-0.01334
0.05429	-0.01846
0.05431	-0.01984
0.05433	-0.01706
0.05435	-0.01157
0.05438	-0.00516
0.05440	0.00104
0.05442	0.00534
0.05444	0.00659
0.05447	0.00528
0.05449	0.00357
0.05451	0.00201
0.05454	0.00223
0.05456	0.00375
0.05458	0.00638
0.05460	0.01047
0.05463	0.01514
0.05465	0.01804
0.05467	0.01584
0.05469	0.00882
0.05472	-0.00073
0.05474	-0.00967
0.05476	-0.01630
0.05478	-0.02069
0.05481	-0.02246
0.05483	-0.02045
0.05485	-0.01440
0.05488	-0.00653
0.05490	0.00040
0.05492	0.00488
0.05494	0.00644
0.05497	0.00558
0.05499	0.00409
0.05501	0.00284
0.05503	0.00223
0.05506	0.00220
0.05508	0.00238
0.05510	0.00183
0.05512	0.00003
0.05515	-0.00183
0.05517	-0.00357
0.05519	-0.00568
0.05522	-0.00735
0.05524	-0.00720
0.05526	-0.00336
0.05528	0.00427
0.05531	0.01309
0.05533	0.02048
0.05535	0.02432
0.05537	0.02356
0.05540	0.01785
0.05542	0.00775
0.05544	-0.00534
0.05546	-0.01892
0.05549	-0.02954
0.05551	-0.03412
0.05553	-0.03168
0.05556	-0.02353
0.05558	-0.01157
0.05560	0.00150
0.05562	0.01303
0.05565	0.02075
0.05567	0.02350
0.05569	0.02078
0.05571	0.01474
0.05574	0.00751
0.05576	0.00040
0.05578	-0.00461
0.05580	-0.00644
0.05583	-0.00458
0.05585	0.00043
0.05587	0.00632
0.05590	0.01071
0.05592	0.01230
0.05594	0.01102
0.05596	0.00739
0.05599	0.00165
0.05601	-0.00436
0.05603	-0.00885
0.05605	-0.01062
0.05608	-0.00876
0.05610	-0.00449
0.05612	0.00122
0.05615	0.00775
0.05617	0.01297
0.05619	0.01532
0.05621	0.01370
0.05624	0.00845
0.05626	0.00143
0.05628	-0.00549
0.05630	-0.01160
0.05633	-0.01514
0.05635	-0.01575
0.05637	-0.01270
0.05639	-0.00635
0.05642	0.00177
0.05644	0.01013
0.05646	0.01624
0.05649	0.01849
0.05651	0.01645
0.05653	0.01074
0.05655	0.00259
0.05658	-0.00601
0.05660	-0.01324
0.05662	-0.01816
0.05664	-0.01947
0.05667	-0.01654
0.05669	-0.01053
0.05671	-0.00345
0.05673	0.00204
0.05676	0.00491
0.05678	0.00540
0.05680	0.00513
0.05683	0.00452
0.05685	0.00317
0.05687	0.00174
0.05689	0.00195
0.05692	0.00436
0.05694	0.00867
0.05696	0.01233
0.05698	0.01294
0.05701	0.00983
0.05703	0.00415
0.05705	-0.00296
0.05707	-0.01038
0.05710	-0.01669
0.05712	-0.02020
0.05714	-0.02032
0.05717	-0.01660
0.05719	-0.00998
0.05721	-0.00305
0.05723	0.00278
0.05726	0.00623
0.05728	0.00729
0.05730	0.00644
0.05732	0.00497
0.05735	0.00330
0.05737	0.00174
0.05739	0.00079
0.05741	0.00061
0.05744	0.00085
0.05746	0.00079
0.05748	-0.00055
0.05751	-0.00330
0.05753	-0.00607
0.05755	-0.00677
0.05757	-0.00439
0.05760	-0.00009
0.05762	0.00528
0.05764	0.01169
0.05766	0.01758
0.05769	0.02136
0.05771	0.02066
0.05773	0.01395
0.05776	0.00272
0.05778	-0.00983
0.05780	-0.02060
0.05782	-0.02798
0.05785	-0.03131
0.05787	-0.02924
0.05789	-0.02155
0.05791	-0.00931
0.05794	0.00375
0.05796	0.01431
0.05798	0.02054
0.05800	0.02167
0.05803	0.01865
0.05805	0.01279
0.05807	0.00562
0.05810	-0.00104
0.05812	-0.00595
0.05814	-0.00781
0.05816	-0.00607
0.05819	-0.00159
0.05821	0.00372
0.05823	0.00781
0.05825	0.00977
0.05828	0.00885
0.05830	0.00562
0.05832	0.00089
0.05834	-0.00336
0.05837	-0.00674
0.05839	-0.00839
0.05841	-0.00729
0.05844	-0.00354
0.05846	0.00204
0.05848	0.00745
0.05850	0.01157
0.05853	0.01297
0.05855	0.01065
0.05857	0.00607
0.05859	0.00070
0.05862	-0.00488
0.05864	-0.00977
0.05866	-0.01315
0.05868	-0.01349
0.05871	-0.01007
0.05873	-0.00381
0.05875	0.00406
0.05878	0.01105
0.05880	0.01532
0.05882	0.01688
0.05884	0.01541
0.05887	0.01050
0.05889	0.00287
0.05891	-0.00552
0.05893	-0.01270
0.05896	-0.01666
0.05898	-0.01666
0.05900	-0.01352
0.05902	-0.00873
0.05905	-0.00348
0.05907	0.00131
0.05909	0.00513
0.05912	0.00705
0.05914	0.00629
0.05916	0.00394
0.05918	0.00146
0.05921	0.00046
0.05923	0.00143
0.05925	0.00342
0.05927	0.00583
0.05930	0.00778
0.05932	0.00812
0.05934	0.00623
0.05937	0.00137
0.05939	-0.00473
0.05941	-0.01129
0.05943	-0.01703
0.05946	-0.01953
0.05948	-0.01865
0.05950	-0.01450
0.05952	-0.00839
0.05955	-0.00208
0.05957	0.00314
0.05959	0.00662
0.05961	0.00800
0.05964	0.00714
0.05966	0.00546
0.05968	0.00351
0.05971	0.00208
0.05973	0.00134
0.05975	0.00101
0.05977	0.00110
0.05980	0.00076
0.05982	-0.00064
0.05984	-0.00278
0.05986	-0.00436
0.05989	-0.00476
0.05991	-0.00314
0.05993	0.00027
0.05995	0.00534
0.05998	0.01138
0.06000	0.01691
0.06002	0.01953
0.06005	0.01727
0.06007	0.01056
0.06009	0.00067
0.06011	-0.00955
0.06014	-0.01907
0.06016	-0.02606
0.06018	-0.02890
0.06020	-0.02612
0.06023	-0.01773
0.06025	-0.00601
0.06027	0.00607
0.06029	0.01535
0.06032	0.01999
0.06034	0.02023
0.06036	0.01694
0.06039	0.01154
0.06041	0.00461
0.06043	-0.00232
0.06045	-0.00754
0.06048	-0.00946
0.06050	-0.00690
0.06052	-0.00220
0.06054	0.00269
0.06057	0.00607
0.06059	0.00720
0.06061	0.00601
0.06063	0.00400
0.06066	0.00067
0.06068	-0.00320
0.06070	-0.00665
0.06073	-0.00827
0.06075	-0.00696
0.06077	-0.00284
0.06079	0.00250
0.06082	0.00720
0.06084	0.00995
0.06086	0.01056
0.06088	0.00940
0.06091	0.00607
0.06093	0.00082
0.06095	-0.00519
0.06098	-0.00989
0.06100	-0.01205
0.06102	-0.01114
0.06104	-0.00735
0.06107	-0.00192
0.06109	0.00427
0.06111	0.01028
0.06113	0.01483
0.06116	0.01666
0.06118	0.01489
0.06120	0.00967
0.06122	0.00220
0.06125	-0.00522
0.06127	-0.01108
0.06129	-0.01422
0.06132	-0.01453
0.06134	-0.01184
0.06136	-0.00711
0.06138	-0.00177
0.06141	0.00308
0.06143	0.00656
0.06145	0.00784
0.06147	0.00726
0.06150	0.00510
0.06152	0.00281
0.06154	0.00168
0.06156	0.00189
0.06159	0.00314
0.06161	0.00449
0.06163	0.00592
0.06166	0.00656
0.06168	0.00485
0.06170	0.00009
0.06172	-0.00626
0.06175	-0.01218
0.06177	-0.01599
0.06179	-0.01736
0.06181	-0.01645
0.06184	-0.01294
0.06186	-0.00772
0.06188	-0.00189
0.06190	0.00388
0.06193	0.00745
0.06195	0.00867
0.06197	0.00760
0.06200	0.00525
0.06202	0.00345
0.06204	0.00259
0.06206	0.00235
0.06209	0.00183
0.06211	0.00043
0.06213	-0.00079
0.06215	-0.00095
0.06218	-0.00171
0.06220	-0.00305
0.06222	-0.00470
0.06224	-0.00406
0.06227	-0.00034
0.06229	0.00504
0.06231	0.01077
0.06234	0.01462
0.06236	0.01572
0.06238	0.01361
0.06240	0.00824
0.06243	0.00034
0.06245	-0.00867
0.06247	-0.01736
0.06249	-0.02341
0.06252	-0.02518
0.06254	-0.02164
0.06256	-0.01324
0.06259	-0.00244
0.06261	0.00806
0.06263	0.01584
0.06265	0.01993
0.06268	0.02029
0.06270	0.01755
0.06272	0.01224
0.06274	0.00504
0.06277	-0.00214
0.06279	-0.00708
0.06281	-0.00793
0.06283	-0.00528
0.06286	-0.00116
0.06288	0.00275
0.06290	0.00565
0.06293	0.00705
0.06295	0.00665
0.06297	0.00415
0.06299	0.00018
0.06302	-0.00397
0.06304	-0.00671
0.06306	-0.00754
0.06308	-0.00629
0.06311	-0.00299
0.06313	0.00159
0.06315	0.00604
0.06317	0.00888
0.06320	0.01007
0.06322	0.00912
0.06324	0.00565
0.06327	0.00046
0.06329	-0.00494
0.06331	-0.00891
0.06333	-0.01038
0.06336	-0.00958
0.06338	-0.00668
0.06340	-0.00171
0.06342	0.00433
0.06345	0.01007
0.06347	0.01364
0.06349	0.01428
0.06351	0.01172
0.06354	0.00726
0.06356	0.00159
0.06358	-0.00467
0.06361	-0.00980
0.06363	-0.01263
0.06365	-0.01239
0.06367	-0.00940
0.06370	-0.00421
0.06372	0.00119
0.06374	0.00558
0.06376	0.00772
0.06379	0.00793
0.06381	0.00739
0.06383	0.00558
0.06385	0.00372
0.06388	0.00201
0.06390	0.00146
0.06392	0.00235
0.06395	0.00439
0.06397	0.00629
0.06399	0.00638
0.06401	0.00403
0.06404	-0.00003
0.06406	-0.00439
0.06408	-0.00882
0.06410	-0.01218
0.06413	-0.01422
0.06415	-0.01398
0.06417	-0.01074
0.06420	-0.00528
0.06422	0.00049
0.06424	0.00494
0.06426	0.00732
0.06429	0.00812
0.06431	0.00754
0.06433	0.00635
0.06435	0.00482
0.06438	0.00305
0.06440	0.00177
0.06442	0.00101
0.06444	0.00052
0.06447	0.00024
0.06449	-0.00055
0.06451	-0.00226
0.06454	-0.00403
0.06456	-0.00479
0.06458	-0.00345
0.06460	-0.00015
0.06463	0.00406
0.06465	0.00787
0.06467	0.01071
0.06469	0.01205
0.06472	0.01083
0.06474	0.00650
0.06476	-0.00092
0.06478	-0.00900
0.06481	-0.01572
0.06483	-0.02020
0.06485	-0.02072
0.06488	-0.01703
0.06490	-0.00983
0.06492	-0.00015
0.06494	0.00900
0.06497	0.01611
0.06499	0.02002
0.06501	0.02008
0.06503	0.01688
0.06506	0.01132
0.06508	0.00479
0.06510	-0.00140
0.06512	-0.00507
0.06515	-0.00598
0.06517	-0.00424
0.06519	-0.00082
0.06522	0.00317
0.06524	0.00635
0.06526	0.00760
0.06528	0.00690
0.06531	0.00458
0.06533	0.00159
0.06535	-0.00168
0.06537	-0.00476
0.06540	-0.00650
0.06542	-0.00549
0.06544	-0.00217
0.06546	0.00220
0.06549	0.00595
0.06551	0.00867
0.06553	0.00958
0.06556	0.00861
0.06558	0.00583
0.06560	0.00183
0.06562	-0.00278
0.06565	-0.00681
0.06567	-0.00879
0.06569	-0.00870
0.06571	-0.00595
0.06574	-0.00110
0.06576	0.00455
0.06578	0.00888
0.06580	0.01126
0.06583	0.01169
0.06585	0.01038
0.06587	0.00659
0.06590	0.00098
0.06592	-0.00525
0.06594	-0.00992
0.06596	-0.01151
0.06599	-0.01001
0.06601	-0.00665
0.06603	-0.00259
0.06605	0.00192
0.06608	0.00620
0.06610	0.00931
0.06612	0.00977
0.06615	0.00797
0.06617	0.00531
0.06619	0.00272
0.06621	0.00146
0.06624	0.00156
0.06626	0.00266
0.06628	0.00433
0.06630	0.00555
0.06633	0.00562
0.06635	0.00430
0.06637	0.00153
0.06639	-0.00223
0.06642	-0.00623
0.06644	-0.00980
0.06646	-0.01172
0.06649	-0.01083
0.06651	-0.00705
0.06653	-0.00204
0.06655	0.00256
0.06658	0.00607
0.06660	0.00833
0.06662	0.00897
0.06664	0.00864
0.06667	0.00754
0.06669	0.00601
0.06671	0.00391
0.06673	0.00262
0.06676	0.00220
0.06678	0.00189
0.06680	0.00137
0.06683	0.00027
0.06685	-0.00134
0.06687	-0.00302
0.06689	-0.00345
0.06692	-0.00229
0.06694	0.00015
0.06696	0.00342
0.06698	0.00717
0.06701	0.00995
0.06703	0.01065
0.06705	0.00888
0.06707	0.00439
0.06710	-0.00189
0.06712	-0.00812
0.06714	-0.01379
0.06717	-0.01724
0.06719	-0.01730
0.06721	-0.01398
0.06723	-0.00696
0.06726	0.00168
0.06728	0.01022
0.06730	0.01651
0.06732	0.01962
0.06735	0.01926
0.06737	0.01587
0.06739	0.01062
0.06741	0.00455
0.06744	-0.00104
0.06746	-0.00476
0.06748	-0.00565
0.06751	-0.00351
0.06753	0.00046
0.06755	0.00394
0.06757	0.00626
0.06760	0.00717
0.06762	0.00687
0.06764	0.00534
0.06766	0.00262
0.06769	-0.00089
0.06771	-0.00385
0.06773	-0.00500
0.06776	-0.00375
0.06778	-0.00046
0.06780	0.00348
0.06782	0.00681
0.06785	0.00912
0.06787	0.01025
0.06789	0.00934
0.06791	0.00668
0.06794	0.00296
0.06796	-0.00104
0.06798	-0.00433
0.06800	-0.00589
0.06803	-0.00522
0.06805	-0.00241
0.06807	0.00195
0.06810	0.00638
0.06812	0.00977
0.06814	0.01154
0.06816	0.01205
0.06819	0.01074
0.06821	0.00705
0.06823	0.00107
0.06825	-0.00461
0.06828	-0.00763
0.06830	-0.00809
0.06832	-0.00745
0.06834	-0.00565
0.06837	-0.00201
0.06839	0.00272
0.06841	0.00729
0.06844	0.00964
0.06846	0.00937
0.06848	0.00760
0.06850	0.00552
0.06853	0.00375
0.06855	0.00220
0.06857	0.00156
0.06859	0.00204
0.06862	0.00305
0.06864	0.00418
0.06866	0.00436
0.06868	0.00339
0.06871	0.00137
0.06873	-0.00204
0.06875	-0.00610
0.06878	-0.00900
0.06880	-0.00922
0.06882	-0.00760
0.06884	-0.00452
0.06887	-0.00079
0.06889	0.00296
0.06891	0.00699
0.06893	0.00964
0.06896	0.01038
0.06898	0.00961
0.06900	0.00830
0.06902	0.00653
0.06905	0.00519
0.06907	0.00430
0.06909	0.00357
0.06912	0.00305
0.06914	0.00256
0.06916	0.00174
0.06918	0.00040
0.06921	-0.00052
0.06923	-0.00098
0.06925	-0.00009
0.06927	0.00247
0.06930	0.00543
0.06932	0.00854
0.06934	0.01099
0.06937	0.01132
0.06939	0.00906
0.06941	0.00455
0.06943	-0.00095
0.06946	-0.00656
0.06948	-0.01157
0.06950	-0.01462
0.06952	-0.01468
0.06955	-0.01044
0.06957	-0.00348
0.06959	0.00458
0.06961	0.01147
0.06964	0.01651
0.06966	0.01932
0.06968	0.01913
0.06971	0.01584
0.06973	0.01004
0.06975	0.00400
0.06977	-0.00107
0.06980	-0.00412
0.06982	-0.00467
0.06984	-0.00314
0.06986	-0.00043
0.06989	0.00266
0.06991	0.00513
0.06993	0.00629
0.06995	0.00610
0.06998	0.00452
0.07000	0.00235
0.07002	-0.00046
0.07005	-0.00244
0.07007	-0.00299
0.07009	-0.00150
0.07011	0.00143
0.07014	0.00482
0.07016	0.00757
0.07018	0.00977
0.07020	0.01089
0.07023	0.00980
0.07025	0.00745
0.07027	0.00394
0.07029	0.00061
0.07032	-0.00153
0.07034	-0.00204
0.07036	-0.00156
0.07039	0.00076
0.07041	0.00467
0.07043	0.00900
0.07045	0.01254
0.07048	0.01404
0.07050	0.01370
0.07052	0.01151
0.07054	0.00812
0.07057	0.00351
0.07059	-0.00104
0.07061	-0.00391
0.07063	-0.00525
0.07066	-0.00443
0.07068	-0.00192
0.07070	0.00174
0.07073	0.00571
0.07075	0.00864
0.07077	0.01019
0.07079	0.01022
0.07082	0.00931
0.07084	0.00748
0.07086	0.00586
0.07088	0.00424
0.07091	0.00336
0.07093	0.00354
0.07095	0.00452
0.07098	0.00528
0.07100	0.00473
0.07102	0.00333
0.07104	0.00067
0.07107	-0.00241
0.07109	-0.00507
0.07111	-0.00641
0.07113	-0.00653
0.07116	-0.00574
0.07118	-0.00360
0.07120	0.00037
0.07122	0.00504
0.07125	0.00861
0.07127	0.01031
0.07129	0.01044
0.07132	0.00967
0.07134	0.00885
0.07136	0.00772
0.07138	0.00626
0.07141	0.00479
0.07143	0.00354
0.07145	0.00284
0.07147	0.00256
0.07150	0.00217
0.07152	0.00095
0.07154	0.00021
0.07156	0.00037
0.07159	0.00165
0.07161	0.00403
0.07163	0.00699
0.07166	0.00980
0.07168	0.01178
0.07170	0.01205
0.07172	0.00989
0.07175	0.00601
0.07177	0.00137
0.07179	-0.00363
0.07181	-0.00836
0.07184	-0.01068
0.07186	-0.01001
0.07188	-0.00607
0.07190	0.00043
0.07193	0.00751
0.07195	0.01407
0.07197	0.01904
0.07200	0.02151
0.07202	0.02069
0.07204	0.01700
0.07206	0.01193
0.07209	0.00638
0.07211	0.00171
0.07213	-0.00119
0.07215	-0.00244
0.07218	-0.00140
0.07220	0.00113
0.07222	0.00403
0.07224	0.00623
0.07227	0.00742
0.07229	0.00714
0.07231	0.00571
0.07234	0.00354
0.07236	0.00168
0.07238	0.00015
0.07240	-0.00037
0.07243	0.00076
0.07245	0.00281
0.07247	0.00607
0.07249	0.00928
0.07252	0.01123
0.07254	0.01138
0.07256	0.00998
0.07259	0.00766
0.07261	0.00482
0.07263	0.00226
0.07265	0.00031
0.07268	-0.00076
0.07270	-0.00031
0.07272	0.00235
0.07274	0.00610
0.07277	0.01004
0.07279	0.01300
0.07281	0.01440
0.07283	0.01404
0.07286	0.01175
0.07288	0.00864
0.07290	0.00443
0.07293	0.00052
0.07295	-0.00247
0.07297	-0.00339
0.07299	-0.00201
0.07302	0.00043
0.07304	0.00397
0.07306	0.00729
0.07308	0.01031
0.07311	0.01215
0.07313	0.01230
0.07315	0.01129
0.07317	0.00928
0.07320	0.00702
0.07322	0.00543
0.07324	0.00522
0.07327	0.00598
0.07329	0.00671
0.07331	0.00696
0.07333	0.00647
0.07336	0.00510
0.07338	0.00360
0.07340	0.00140
0.07342	-0.00104
0.07345	-0.00275
0.07347	-0.00339
0.07349	-0.00220
0.07351	0.00089
0.07354	0.00455
0.07356	0.00806
0.07358	0.01083
0.07361	0.01236
0.07363	0.01251
0.07365	0.01187
0.07367	0.01065
0.07370	0.00870
0.07372	0.00674
0.07374	0.00534
0.07376	0.00485
0.07379	0.00482
0.07381	0.00467
0.07383	0.00369
0.07385	0.00247
0.07388	0.00177
0.07390	0.00201
0.07392	0.00327
0.07395	0.00467
0.07397	0.00662
0.07399	0.00903
0.07401	0.01102
0.07404	0.01199
0.07406	0.01056
0.07408	0.00717
0.07410	0.00235
0.07413	-0.00223
0.07415	-0.00574
0.07417	-0.00754
0.07420	-0.00659
0.07422	-0.00293
0.07424	0.00281
0.07426	0.00949
0.07429	0.01581
0.07431	0.02020
0.07433	0.02197
0.07435	0.02072
0.07438	0.01706
0.07440	0.01202
0.07442	0.00668
0.07444	0.00214
0.07447	-0.00064
0.07449	-0.00107
0.07451	0.00064
0.07454	0.00308
0.07456	0.00604
0.07458	0.00848
0.07460	0.00967
0.07463	0.00943
0.07465	0.00772
0.07467	0.00577
0.07469	0.00406
0.07472	0.00250
0.07474	0.00186
0.07476	0.00266
0.07478	0.00497
0.07481	0.00818
0.07483	0.01120
0.07485	0.01266
0.07488	0.01242
0.07490	0.01135
0.07492	0.00943
0.07494	0.00656
0.07497	0.00345
0.07499	0.00162
0.07501	0.00131
0.07503	0.00244
0.07506	0.00473
0.07508	0.00739
0.07510	0.01016
0.07512	0.01282
0.07515	0.01434
0.07517	0.01379
0.07519	0.01141
0.07522	0.00800
0.07524	0.00421
0.07526	0.00098
0.07528	-0.00104
0.07531	-0.00146
0.07533	-0.00034
0.07535	0.00211
0.07537	0.00507
0.07540	0.00845
0.07542	0.01144
0.07544	0.01306
0.07546	0.01300
0.07549	0.01129
0.07551	0.00879
0.07553	0.00699
0.07556	0.00632
0.07558	0.00613
0.07560	0.00616
0.07562	0.00613
0.07565	0.00662
0.07567	0.00735
0.07569	0.00705
0.07571	0.00537
0.07574	0.00275
0.07576	0.00079
0.07578	0.00012
0.07580	0.00052
0.07583	0.00168
0.07585	0.00336
0.07587	0.00601
0.07590	0.00925
0.07592	0.01212
0.07594	0.01370
0.07596	0.01346
0.07599	0.01218
0.07601	0.01074
0.07603	0.00937
0.07605	0.00803
0.07608	0.00708
0.07610	0.00641
0.07612	0.00574
0.07615	0.00507
0.07617	0.00455
0.07619	0.00412
0.07621	0.00394
0.07624	0.00375
0.07626	0.00406
0.07628	0.00513
0.07630	0.00677
0.07633	0.00870
0.07635	0.01001
0.07637	0.01059
0.07639	0.00946
0.07642	0.00656
0.07644	0.00299
0.07646	-0.00049
0.07649	-0.00330
0.07651	-0.00473
0.07653	-0.00378
0.07655	-0.00043
0.07658	0.00488
0.07660	0.01083
0.07662	0.01599
0.07664	0.01944
0.07667	0.02026
0.07669	0.01874
0.07671	0.01532
0.07673	0.01065
0.07676	0.00562
0.07678	0.00131
0.07680	-0.00089
0.07683	-0.00107
0.07685	0.00064
0.07687	0.00360
0.07689	0.00656
0.07692	0.00876
0.07694	0.01013
0.07696	0.01013
0.07698	0.00891
0.07701	0.00674
0.07703	0.00485
0.07705	0.00345
0.07707	0.00287
0.07710	0.00375
0.07712	0.00577
0.07714	0.00836
0.07717	0.01080
0.07719	0.01263
0.07721	0.01291
0.07723	0.01224
0.07726	0.01044
0.07728	0.00790
0.07730	0.00519
0.07732	0.00305
0.07735	0.00293
0.07737	0.00436
0.07739	0.00632
0.07741	0.00848
0.07744	0.01062
0.07746	0.01257
0.07748	0.01367
0.07751	0.01303
0.07753	0.01068
0.07755	0.00720
0.07757	0.00366
0.07760	0.00107
0.07762	-0.00012
0.07764	-0.00006
0.07766	0.00107
0.07769	0.00327
0.07771	0.00653
0.07773	0.00955
0.07776	0.01196
0.07778	0.01291
0.07780	0.01202
0.07782	0.01028
0.07785	0.00812
0.07787	0.00656
0.07789	0.00555
0.07791	0.00488
0.07794	0.00476
0.07796	0.00525
0.07798	0.00647
0.07800	0.00696
0.07803	0.00671
0.07805	0.00525
0.07807	0.00330
0.07810	0.00204
0.07812	0.00143
0.07814	0.00204
0.07816	0.00302
0.07819	0.00488
0.07821	0.00739
0.07823	0.00986
0.07825	0.01221
0.07828	0.01343
0.07830	0.01315
0.07832	0.01202
0.07834	0.01047
0.07837	0.00879
0.07839	0.00742
0.07841	0.00629
0.07844	0.00571
0.07846	0.00540
0.07848	0.00519
0.07850	0.00485
0.07853	0.00430
0.07855	0.00357
0.07857	0.00342
0.07859	0.00403
0.07862	0.00531
0.07864	0.00699
0.07866	0.00824
0.07868	0.00897
0.07871	0.00900
0.07873	0.00821
0.07875	0.00626
0.07878	0.00339
0.07880	0.00012
0.07882	-0.00247
0.07884	-0.00339
0.07887	-0.00198
0.07889	0.00150
0.07891	0.00623
0.07893	0.01144
0.07896	0.01569
0.07898	0.01816
0.07900	0.01871
0.07902	0.01709
0.07905	0.01407
0.07907	0.00952
0.07909	0.00436
0.07912	0.00055
0.07914	-0.00140
0.07916	-0.00137
0.07918	0.00006
0.07921	0.00259
0.07923	0.00534
0.07925	0.00775
0.07927	0.00934
0.07930	0.00940
0.07932	0.00787
0.07934	0.00607
0.07937	0.00467
0.07939	0.00339
0.07941	0.00311
0.07943	0.00391
0.07946	0.00546
0.07948	0.00787
0.07950	0.01007
0.07952	0.01166
0.07955	0.01215
0.07957	0.01157
0.07959	0.00995
0.07961	0.00766
0.07964	0.00558
0.07966	0.00388
0.07968	0.00327
0.07971	0.00412
0.07973	0.00592
0.07975	0.00793
0.07977	0.00983
0.07980	0.01160
0.07982	0.01227
0.07984	0.01132
0.07986	0.00931
0.07989	0.00668
0.07991	0.00403
0.07993	0.00204
0.07995	0.00070
0.07998	0.00037
0.08000	0.00137
0.08002	0.00363
0.08005	0.00677
0.08007	0.00946
0.08009	0.01126
0.08011	0.01178
0.08014	0.01093
0.08016	0.00949
0.08018	0.00748
0.08020	0.00555
0.08023	0.00424
0.08025	0.00366
0.08027	0.00403
0.08029	0.00494
0.08032	0.00583
0.08034	0.00601
0.08036	0.00558
0.08039	0.00473
0.08041	0.00366
0.08043	0.00241
0.08045	0.00137
0.08048	0.00122
0.08050	0.00229
0.08052	0.00427
0.08054	0.00641
0.08057	0.00873
0.08059	0.01041
0.08061	0.01117
0.08063	0.01080
0.08066	0.00977
0.08068	0.00836
0.08070	0.00665
0.08073	0.00528
0.08075	0.00446
0.08077	0.00388
0.08079	0.00409
0.08082	0.00433
0.08084	0.00403
0.08086	0.00333
0.08088	0.00278
0.08091	0.00302
0.08093	0.00348
0.08095	0.00421
0.08098	0.00507
0.08100	0.00662
0.08102	0.00836
0.08104	0.00900
0.08107	0.00790
0.08109	0.00568
0.08111	0.00314
0.08113	0.00079
0.08116	-0.00104
0.08118	-0.00162
0.08120	-0.00006
0.08122	0.00275
0.08125	0.00690
0.08127	0.01126
0.08129	0.01462
0.08132	0.01678
0.08134	0.01724
0.08136	0.01529
0.08138	0.01160
0.08141	0.00720
0.08143	0.00262
0.08145	-0.00049
0.08147	-0.00229
0.08150	-0.00266
0.08152	-0.00153
0.08154	0.00122
0.08156	0.00418
0.08159	0.00656
0.08161	0.00742
0.08163	0.00705
0.08166	0.00598
0.08168	0.00482
0.08170	0.00360
0.08172	0.00217
0.08175	0.00143
0.08177	0.00186
0.08179	0.00372
0.08181	0.00598
0.08184	0.00827
0.08186	0.00967
0.08188	0.00980
0.08190	0.00897
0.08193	0.00754
0.08195	0.00583
0.08197	0.00412
0.08200	0.00259
0.08202	0.00208
0.08204	0.00256
0.08206	0.00449
0.08209	0.00647
0.08211	0.00824
0.08213	0.00928
0.08215	0.00961
0.08218	0.00925
0.08220	0.00781
0.08222	0.00568
0.08224	0.00308
0.08227	0.00082
0.08229	0.00000
0.08231	0.00052
0.08234	0.00168
0.08236	0.00372
0.08238	0.00610
0.08240	0.00867
0.08243	0.01047
0.08245	0.01129
0.08247	0.01059
0.08249	0.00854
0.08252	0.00644
0.08254	0.00449
0.08256	0.00351
0.08259	0.00330
0.08261	0.00345
0.08263	0.00385
0.08265	0.00436
0.08268	0.00479
0.08270	0.00497
0.08272	0.00458
0.08274	0.00320
0.08277	0.00180
0.08279	0.00070
0.08281	0.00070
0.08283	0.00174
0.08286	0.00351
0.08288	0.00513
0.08290	0.00671
0.08293	0.00778
0.08295	0.00854
0.08297	0.00867
0.08299	0.00790
0.08302	0.00641
0.08304	0.00449
0.08306	0.00327
0.08308	0.00226
0.08311	0.00214
0.08313	0.00208
0.08315	0.00204
0.08317	0.00189
0.08320	0.00168
0.08322	0.00134
0.08324	0.00143
0.08327	0.00189
0.08329	0.00278
0.08331	0.00403
0.08333	0.00549
0.08336	0.00668
0.08338	0.00723
0.08340	0.00644
0.08342	0.00464
0.08345	0.00232
0.08347	0.00018
0.08349	-0.00095
0.08351	-0.00131
0.08354	-0.00040
0.08356	0.00192
0.08358	0.00571
0.08361	0.00946
0.08363	0.01300
0.08365	0.01447
0.08367	0.01404
0.08370	0.01181
0.08372	0.00845
0.08374	0.00513
0.08376	0.00159
0.08379	-0.00153
0.08381	-0.00351
0.08383	-0.00385
0.08385	-0.00247
0.08388	0.00006
0.08390	0.00281
0.08392	0.00461
0.08395	0.00510
0.08397	0.00488
0.08399	0.00443
0.08401	0.00360
0.08404	0.00183
0.08406	0.00021
0.08408	-0.00031
0.08410	0.00040
0.08413	0.00232
0.08415	0.00461
0.08417	0.00638
0.08420	0.00760
0.08422	0.00778
0.08424	0.00729
0.08426	0.00598
0.08429	0.00436
0.08431	0.00256
0.08433	0.00104
0.08435	0.00046
0.08438	0.00116
0.08440	0.00241
0.08442	0.00424
0.08444	0.00598
0.08447	0.00705
0.08449	0.00763
0.08451	0.00745
0.08454	0.00604
0.08456	0.00391
0.08458	0.00101
0.08460	-0.00073
0.08463	-0.00137
0.08465	-0.00119
0.08467	0.00006
0.08469	0.00134
0.08472	0.00391
0.08474	0.00662
0.08476	0.00864
0.08478	0.00912
0.08481	0.00815
0.08483	0.00644
0.08485	0.00436
0.08488	0.00266
0.08490	0.00159
0.08492	0.00113
0.08494	0.00122
0.08497	0.00217
0.08499	0.00314
0.08501	0.00369
0.08503	0.00345
0.08506	0.00266
0.08508	0.00168
0.08510	0.00104
0.08512	0.00082
0.08515	0.00061
0.08517	0.00082
0.08519	0.00177
0.08522	0.00357
0.08524	0.00546
0.08526	0.00659
0.08528	0.00702
0.08531	0.00656
0.08533	0.00568
0.08535	0.00461
0.08537	0.00305
0.08540	0.00156
0.08542	0.00067
0.08544	0.00055
0.08546	0.00067
0.08549	0.00082
0.08551	0.00082
0.08553	0.00085
0.08556	0.00073
0.08558	0.00058
0.08560	0.00079
0.08562	0.00171
0.08565	0.00314
0.08567	0.00433
0.08569	0.00522
0.08571	0.00531
0.08574	0.00458
0.08576	0.00317
0.08578	0.00146
0.08580	-0.00043
0.08583	-0.00183
0.08585	-0.00208
0.08587	-0.00095
0.08590	0.00189
0.08592	0.00522
0.08594	0.00851
0.08596	0.01071
0.08599	0.01144
0.08601	0.01086
0.08603	0.00906
0.08605	0.00601
0.08608	0.00244
0.08610	-0.00116
0.08612	-0.00406
0.08615	-0.00528
0.08617	-0.00513
0.08619	-0.00351
0.08621	-0.00107
0.08624	0.00104
0.08626	0.00314
0.08628	0.00424
0.08630	0.00421
0.08633	0.00339
0.08635	0.00189
0.08637	0.00040
0.08639	-0.00027
0.08642	-0.00024
0.08644	0.00031
0.08646	0.00159
0.08649	0.00311
0.08651	0.00504
0.08653	0.00684
0.08655	0.00723
0.08658	0.00626
0.08660	0.00464
0.08662	0.00296
0.08664	0.00153
0.08667	0.00070
0.08669	0.00064
0.08671	0.00079
0.08673	0.00156
0.08676	0.00281
0.08678	0.00427
0.08680	0.00552
0.08683	0.00565
0.08685	0.00516
0.08687	0.00351
0.08689	0.00153
0.08692	-0.00027
0.08694	-0.00143
0.08696	-0.00204
0.08698	-0.00223
0.08701	-0.00113
0.08703	0.00082
0.08705	0.00317
0.08707	0.00510
0.08710	0.00620
0.08712	0.00650
0.08714	0.00574
0.08717	0.00443
0.08719	0.00272
0.08721	0.00085
0.08723	-0.00006
0.08726	-0.00034
0.08728	-0.00006
0.08730	0.00107
0.08732	0.00250
0.08735	0.00327
0.08737	0.00323
0.08739	0.00244
0.08741	0.00153
0.08744	0.00082
0.08746	0.00043
0.08748	0.00027
0.08751	0.00043
0.08753	0.00113
0.08755	0.00253
0.08757	0.00415
0.08760	0.00513
0.08762	0.00534
0.08764	0.00519
0.08766	0.00443
0.08769	0.00354
0.08771	0.00253
0.08773	0.00110
0.08776	0.00024
0.08778	-0.00015
0.08780	0.00003
0.08782	0.00034
0.08785	0.00021
0.08787	-0.00018
0.08789	-0.00037
0.08791	-0.00049
0.08794	0.00000
0.08796	0.00079
0.08798	0.00150
0.08800	0.00256
0.08803	0.00330
0.08805	0.00375
0.08807	0.00333
0.08810	0.00253
0.08812	0.00076
0.08814	-0.00095
0.08816	-0.00195
0.08819	-0.00211
0.08821	-0.00082
0.08823	0.00177
0.08825	0.00443
0.08828	0.00650
0.08830	0.00803
0.08832	0.00888
0.08834	0.00830
0.08837	0.00623
0.08839	0.00327
0.08841	-0.00012
0.08844	-0.00278
0.08846	-0.00455
0.08848	-0.00522
0.08850	-0.00485
0.08853	-0.00348
0.08855	-0.00134
0.08857	0.00128
0.08859	0.00330
0.08862	0.00412
0.08864	0.00385
0.08866	0.00275
0.08868	0.00165
0.08871	0.00073
0.08873	0.00003
0.08875	-0.00070
0.08878	-0.00049
0.08880	0.00076
0.08882	0.00272
0.08884	0.00479
0.08887	0.00595
0.08889	0.00616
0.08891	0.00562
0.08893	0.00446
0.08896	0.00305
0.08898	0.00156
0.08900	0.00052
0.08902	-0.00021
0.08905	-0.00021
0.08907	0.00046
0.08909	0.00171
0.08912	0.00290
0.08914	0.00378
0.08916	0.00381
0.08918	0.00296
0.08921	0.00204
0.08923	0.00076
0.08925	-0.00070
0.08927	-0.00198
0.08930	-0.00244
0.08932	-0.00201
0.08934	-0.00076
0.08937	0.00107
0.08939	0.00284
0.08941	0.00452
0.08943	0.00568
0.08946	0.00558
0.08948	0.00467
0.08950	0.00305
0.08952	0.00153
0.08955	0.00037
0.08957	-0.00024
0.08959	-0.00043
0.08961	0.00021
0.08964	0.00125
0.08966	0.00244
0.08968	0.00342
0.08971	0.00333
0.08973	0.00284
0.08975	0.00198
0.08977	0.00125
0.08980	0.00058
0.08982	0.00037
0.08984	0.00052
0.08986	0.00134
0.08989	0.00269
0.08991	0.00351
0.08993	0.00421
0.08995	0.00449
0.08998	0.00443
0.09000	0.00378
0.09002	0.00287
0.09005	0.00150
0.09007	0.00015
0.09009	-0.00037
0.09011	-0.00009
0.09014	0.00009
0.09016	-0.00018
0.09018	-0.00043
0.09020	-0.00073
0.09023	-0.00067
0.09025	-0.00064
0.09027	-0.00043
0.09029	0.00034
0.09032	0.00125
0.09034	0.00244
0.09036	0.00330
0.09039	0.00308
0.09041	0.00244
0.09043	0.00137
0.09045	0.00006
0.09048	-0.00092
0.09050	-0.00174
0.09052	-0.00195
0.09054	-0.00122
0.09057	0.00055
0.09059	0.00284
0.09061	0.00558
0.09063	0.00735
0.09066	0.00757
0.09068	0.00638
